query_43: alysis perception shape humans computers shape descriptions shape recognition computer two-dimensional shapes measures circularity shape matching
+------+------------+-----------------+-----------------+
| RANK | REL/NONREL |    PRECISION    |      RECALL     |
+------+------------+-----------------+-----------------+
|  1   |    REL     |       1.0       | 0.0243902439024 |
|  2   |  NON-REL   |       0.5       | 0.0243902439024 |
|  3   |  NON-REL   |  0.333333333333 | 0.0243902439024 |
|  4   |  NON-REL   |       0.25      | 0.0243902439024 |
|  5   |    REL     |       0.4       | 0.0487804878049 |
|  6   |  NON-REL   |  0.333333333333 | 0.0487804878049 |
|  7   |  NON-REL   |  0.285714285714 | 0.0487804878049 |
|  8   |  NON-REL   |       0.25      | 0.0487804878049 |
|  9   |    REL     |  0.333333333333 | 0.0731707317073 |
|  10  |    REL     |       0.4       | 0.0975609756098 |
|  11  |  NON-REL   |  0.363636363636 | 0.0975609756098 |
|  12  |  NON-REL   |  0.333333333333 | 0.0975609756098 |
|  13  |  NON-REL   |  0.307692307692 | 0.0975609756098 |
|  14  |    REL     |  0.357142857143 |  0.121951219512 |
|  15  |  NON-REL   |  0.333333333333 |  0.121951219512 |
|  16  |  NON-REL   |      0.3125     |  0.121951219512 |
|  17  |  NON-REL   |  0.294117647059 |  0.121951219512 |
|  18  |    REL     |  0.333333333333 |  0.146341463415 |
|  19  |  NON-REL   |  0.315789473684 |  0.146341463415 |
|  20  |  NON-REL   |       0.3       |  0.146341463415 |
|  21  |  NON-REL   |  0.285714285714 |  0.146341463415 |
|  22  |  NON-REL   |  0.272727272727 |  0.146341463415 |
|  23  |  NON-REL   |  0.260869565217 |  0.146341463415 |
|  24  |    REL     |  0.291666666667 |  0.170731707317 |
|  25  |  NON-REL   |       0.28      |  0.170731707317 |
|  26  |  NON-REL   |  0.269230769231 |  0.170731707317 |
|  27  |  NON-REL   |  0.259259259259 |  0.170731707317 |
|  28  |  NON-REL   |       0.25      |  0.170731707317 |
|  29  |  NON-REL   |  0.241379310345 |  0.170731707317 |
|  30  |    REL     |  0.266666666667 |  0.19512195122  |
|  31  |  NON-REL   |  0.258064516129 |  0.19512195122  |
|  32  |  NON-REL   |       0.25      |  0.19512195122  |
|  33  |  NON-REL   |  0.242424242424 |  0.19512195122  |
|  34  |  NON-REL   |  0.235294117647 |  0.19512195122  |
|  35  |  NON-REL   |  0.228571428571 |  0.19512195122  |
|  36  |  NON-REL   |  0.222222222222 |  0.19512195122  |
|  37  |  NON-REL   |  0.216216216216 |  0.19512195122  |
|  38  |  NON-REL   |  0.210526315789 |  0.19512195122  |
|  39  |  NON-REL   |  0.205128205128 |  0.19512195122  |
|  40  |  NON-REL   |       0.2       |  0.19512195122  |
|  41  |  NON-REL   |  0.19512195122  |  0.19512195122  |
|  42  |  NON-REL   |  0.190476190476 |  0.19512195122  |
|  43  |  NON-REL   |  0.186046511628 |  0.19512195122  |
|  44  |  NON-REL   |  0.181818181818 |  0.19512195122  |
|  45  |  NON-REL   |  0.177777777778 |  0.19512195122  |
|  46  |  NON-REL   |  0.173913043478 |  0.19512195122  |
|  47  |  NON-REL   |  0.170212765957 |  0.19512195122  |
|  48  |  NON-REL   |  0.166666666667 |  0.19512195122  |
|  49  |  NON-REL   |  0.163265306122 |  0.19512195122  |
|  50  |  NON-REL   |       0.16      |  0.19512195122  |
|  51  |  NON-REL   |  0.156862745098 |  0.19512195122  |
|  52  |  NON-REL   |  0.153846153846 |  0.19512195122  |
|  53  |  NON-REL   |  0.150943396226 |  0.19512195122  |
|  54  |  NON-REL   |  0.148148148148 |  0.19512195122  |
|  55  |  NON-REL   |  0.145454545455 |  0.19512195122  |
|  56  |  NON-REL   |  0.142857142857 |  0.19512195122  |
|  57  |  NON-REL   |  0.140350877193 |  0.19512195122  |
|  58  |  NON-REL   |  0.137931034483 |  0.19512195122  |
|  59  |  NON-REL   |  0.135593220339 |  0.19512195122  |
|  60  |  NON-REL   |  0.133333333333 |  0.19512195122  |
|  61  |  NON-REL   |  0.131147540984 |  0.19512195122  |
|  62  |    REL     |  0.145161290323 |  0.219512195122 |
|  63  |  NON-REL   |  0.142857142857 |  0.219512195122 |
|  64  |  NON-REL   |     0.140625    |  0.219512195122 |
|  65  |  NON-REL   |  0.138461538462 |  0.219512195122 |
|  66  |  NON-REL   |  0.136363636364 |  0.219512195122 |
|  67  |  NON-REL   |  0.134328358209 |  0.219512195122 |
|  68  |  NON-REL   |  0.132352941176 |  0.219512195122 |
|  69  |  NON-REL   |  0.130434782609 |  0.219512195122 |
|  70  |  NON-REL   |  0.128571428571 |  0.219512195122 |
|  71  |  NON-REL   |  0.12676056338  |  0.219512195122 |
|  72  |  NON-REL   |      0.125      |  0.219512195122 |
|  73  |  NON-REL   |  0.123287671233 |  0.219512195122 |
|  74  |  NON-REL   |  0.121621621622 |  0.219512195122 |
|  75  |  NON-REL   |       0.12      |  0.219512195122 |
|  76  |  NON-REL   |  0.118421052632 |  0.219512195122 |
|  77  |  NON-REL   |  0.116883116883 |  0.219512195122 |
|  78  |  NON-REL   |  0.115384615385 |  0.219512195122 |
|  79  |  NON-REL   |  0.113924050633 |  0.219512195122 |
|  80  |  NON-REL   |      0.1125     |  0.219512195122 |
|  81  |  NON-REL   |  0.111111111111 |  0.219512195122 |
|  82  |  NON-REL   |  0.109756097561 |  0.219512195122 |
|  83  |  NON-REL   |  0.10843373494  |  0.219512195122 |
|  84  |  NON-REL   |  0.107142857143 |  0.219512195122 |
|  85  |  NON-REL   |  0.105882352941 |  0.219512195122 |
|  86  |  NON-REL   |  0.104651162791 |  0.219512195122 |
|  87  |  NON-REL   |  0.103448275862 |  0.219512195122 |
|  88  |  NON-REL   |  0.102272727273 |  0.219512195122 |
|  89  |  NON-REL   |  0.101123595506 |  0.219512195122 |
|  90  |  NON-REL   |       0.1       |  0.219512195122 |
|  91  |  NON-REL   | 0.0989010989011 |  0.219512195122 |
|  92  |  NON-REL   | 0.0978260869565 |  0.219512195122 |
|  93  |  NON-REL   | 0.0967741935484 |  0.219512195122 |
|  94  |  NON-REL   | 0.0957446808511 |  0.219512195122 |
|  95  |  NON-REL   | 0.0947368421053 |  0.219512195122 |
|  96  |  NON-REL   |     0.09375     |  0.219512195122 |
|  97  |  NON-REL   | 0.0927835051546 |  0.219512195122 |
|  98  |  NON-REL   | 0.0918367346939 |  0.219512195122 |
|  99  |  NON-REL   | 0.0909090909091 |  0.219512195122 |
| 100  |  NON-REL   |       0.09      |  0.219512195122 |
+------+------------+-----------------+-----------------+