query_5: pers design implementation editing interfaces window-managers command interpreters essential issues human interface design views improvements user efficiency effectiveness satisfaction
+------+------------+-----------------+--------+
| RANK | REL/NONREL |    PRECISION    | RECALL |
+------+------------+-----------------+--------+
|  1   |  NON-REL   |       0.0       |  0.0   |
|  2   |  NON-REL   |       0.0       |  0.0   |
|  3   |  NON-REL   |       0.0       |  0.0   |
|  4   |  NON-REL   |       0.0       |  0.0   |
|  5   |  NON-REL   |       0.0       |  0.0   |
|  6   |    REL     |  0.166666666667 | 0.125  |
|  7   |  NON-REL   |  0.142857142857 | 0.125  |
|  8   |  NON-REL   |      0.125      | 0.125  |
|  9   |  NON-REL   |  0.111111111111 | 0.125  |
|  10  |  NON-REL   |       0.1       | 0.125  |
|  11  |  NON-REL   | 0.0909090909091 | 0.125  |
|  12  |  NON-REL   | 0.0833333333333 | 0.125  |
|  13  |  NON-REL   | 0.0769230769231 | 0.125  |
|  14  |  NON-REL   | 0.0714285714286 | 0.125  |
|  15  |  NON-REL   | 0.0666666666667 | 0.125  |
|  16  |  NON-REL   |      0.0625     | 0.125  |
|  17  |  NON-REL   | 0.0588235294118 | 0.125  |
|  18  |  NON-REL   | 0.0555555555556 | 0.125  |
|  19  |  NON-REL   | 0.0526315789474 | 0.125  |
|  20  |  NON-REL   |       0.05      | 0.125  |
|  21  |  NON-REL   |  0.047619047619 | 0.125  |
|  22  |  NON-REL   | 0.0454545454545 | 0.125  |
|  23  |  NON-REL   | 0.0434782608696 | 0.125  |
|  24  |    REL     | 0.0833333333333 |  0.25  |
|  25  |  NON-REL   |       0.08      |  0.25  |
|  26  |  NON-REL   | 0.0769230769231 |  0.25  |
|  27  |  NON-REL   | 0.0740740740741 |  0.25  |
|  28  |  NON-REL   | 0.0714285714286 |  0.25  |
|  29  |  NON-REL   | 0.0689655172414 |  0.25  |
|  30  |  NON-REL   | 0.0666666666667 |  0.25  |
|  31  |  NON-REL   | 0.0645161290323 |  0.25  |
|  32  |  NON-REL   |      0.0625     |  0.25  |
|  33  |  NON-REL   | 0.0606060606061 |  0.25  |
|  34  |  NON-REL   | 0.0588235294118 |  0.25  |
|  35  |  NON-REL   | 0.0571428571429 |  0.25  |
|  36  |  NON-REL   | 0.0555555555556 |  0.25  |
|  37  |  NON-REL   | 0.0540540540541 |  0.25  |
|  38  |  NON-REL   | 0.0526315789474 |  0.25  |
|  39  |  NON-REL   | 0.0512820512821 |  0.25  |
|  40  |  NON-REL   |       0.05      |  0.25  |
|  41  |  NON-REL   | 0.0487804878049 |  0.25  |
|  42  |  NON-REL   |  0.047619047619 |  0.25  |
|  43  |  NON-REL   |  0.046511627907 |  0.25  |
|  44  |  NON-REL   | 0.0454545454545 |  0.25  |
|  45  |  NON-REL   | 0.0444444444444 |  0.25  |
|  46  |  NON-REL   | 0.0434782608696 |  0.25  |
|  47  |  NON-REL   | 0.0425531914894 |  0.25  |
|  48  |  NON-REL   | 0.0416666666667 |  0.25  |
|  49  |  NON-REL   | 0.0408163265306 |  0.25  |
|  50  |  NON-REL   |       0.04      |  0.25  |
|  51  |  NON-REL   | 0.0392156862745 |  0.25  |
|  52  |  NON-REL   | 0.0384615384615 |  0.25  |
|  53  |  NON-REL   | 0.0377358490566 |  0.25  |
|  54  |  NON-REL   |  0.037037037037 |  0.25  |
|  55  |  NON-REL   | 0.0363636363636 |  0.25  |
|  56  |    REL     | 0.0535714285714 | 0.375  |
|  57  |  NON-REL   | 0.0526315789474 | 0.375  |
|  58  |  NON-REL   |  0.051724137931 | 0.375  |
|  59  |  NON-REL   | 0.0508474576271 | 0.375  |
|  60  |  NON-REL   |       0.05      | 0.375  |
|  61  |  NON-REL   | 0.0491803278689 | 0.375  |
|  62  |  NON-REL   | 0.0483870967742 | 0.375  |
|  63  |  NON-REL   |  0.047619047619 | 0.375  |
|  64  |  NON-REL   |     0.046875    | 0.375  |
|  65  |  NON-REL   | 0.0461538461538 | 0.375  |
|  66  |  NON-REL   | 0.0454545454545 | 0.375  |
|  67  |  NON-REL   |  0.044776119403 | 0.375  |
|  68  |  NON-REL   | 0.0441176470588 | 0.375  |
|  69  |  NON-REL   | 0.0434782608696 | 0.375  |
|  70  |  NON-REL   | 0.0428571428571 | 0.375  |
|  71  |  NON-REL   | 0.0422535211268 | 0.375  |
|  72  |  NON-REL   | 0.0416666666667 | 0.375  |
|  73  |  NON-REL   |  0.041095890411 | 0.375  |
|  74  |  NON-REL   | 0.0405405405405 | 0.375  |
|  75  |  NON-REL   |       0.04      | 0.375  |
|  76  |  NON-REL   | 0.0394736842105 | 0.375  |
|  77  |  NON-REL   |  0.038961038961 | 0.375  |
|  78  |  NON-REL   | 0.0384615384615 | 0.375  |
|  79  |  NON-REL   | 0.0379746835443 | 0.375  |
|  80  |  NON-REL   |      0.0375     | 0.375  |
|  81  |  NON-REL   |  0.037037037037 | 0.375  |
|  82  |  NON-REL   | 0.0365853658537 | 0.375  |
|  83  |  NON-REL   | 0.0361445783133 | 0.375  |
|  84  |  NON-REL   | 0.0357142857143 | 0.375  |
|  85  |  NON-REL   | 0.0352941176471 | 0.375  |
|  86  |  NON-REL   | 0.0348837209302 | 0.375  |
|  87  |  NON-REL   | 0.0344827586207 | 0.375  |
|  88  |  NON-REL   | 0.0340909090909 | 0.375  |
|  89  |  NON-REL   | 0.0337078651685 | 0.375  |
|  90  |  NON-REL   | 0.0333333333333 | 0.375  |
|  91  |  NON-REL   |  0.032967032967 | 0.375  |
|  92  |  NON-REL   | 0.0326086956522 | 0.375  |
|  93  |  NON-REL   | 0.0322580645161 | 0.375  |
|  94  |  NON-REL   |  0.031914893617 | 0.375  |
|  95  |  NON-REL   | 0.0315789473684 | 0.375  |
|  96  |  NON-REL   |     0.03125     | 0.375  |
|  97  |  NON-REL   | 0.0309278350515 | 0.375  |
|  98  |  NON-REL   |  0.030612244898 | 0.375  |
|  99  |  NON-REL   |  0.030303030303 | 0.375  |
| 100  |  NON-REL   |       0.03      | 0.375  |
+------+------------+-----------------+--------+