query_21: mputational complexity intractability class-complete reductions algorithms efficiency
+------+------------+-----------------+-----------------+
| RANK | REL/NONREL |    PRECISION    |      RECALL     |
+------+------------+-----------------+-----------------+
|  1   |  NON-REL   |       0.0       |       0.0       |
|  2   |  NON-REL   |       0.0       |       0.0       |
|  3   |  NON-REL   |       0.0       |       0.0       |
|  4   |  NON-REL   |       0.0       |       0.0       |
|  5   |  NON-REL   |       0.0       |       0.0       |
|  6   |    REL     |  0.166666666667 | 0.0909090909091 |
|  7   |  NON-REL   |  0.142857142857 | 0.0909090909091 |
|  8   |  NON-REL   |      0.125      | 0.0909090909091 |
|  9   |  NON-REL   |  0.111111111111 | 0.0909090909091 |
|  10  |  NON-REL   |       0.1       | 0.0909090909091 |
|  11  |  NON-REL   | 0.0909090909091 | 0.0909090909091 |
|  12  |  NON-REL   | 0.0833333333333 | 0.0909090909091 |
|  13  |    REL     |  0.153846153846 |  0.181818181818 |
|  14  |  NON-REL   |  0.142857142857 |  0.181818181818 |
|  15  |  NON-REL   |  0.133333333333 |  0.181818181818 |
|  16  |  NON-REL   |      0.125      |  0.181818181818 |
|  17  |  NON-REL   |  0.117647058824 |  0.181818181818 |
|  18  |  NON-REL   |  0.111111111111 |  0.181818181818 |
|  19  |  NON-REL   |  0.105263157895 |  0.181818181818 |
|  20  |  NON-REL   |       0.1       |  0.181818181818 |
|  21  |  NON-REL   | 0.0952380952381 |  0.181818181818 |
|  22  |  NON-REL   | 0.0909090909091 |  0.181818181818 |
|  23  |  NON-REL   | 0.0869565217391 |  0.181818181818 |
|  24  |  NON-REL   | 0.0833333333333 |  0.181818181818 |
|  25  |  NON-REL   |       0.08      |  0.181818181818 |
|  26  |  NON-REL   | 0.0769230769231 |  0.181818181818 |
|  27  |  NON-REL   | 0.0740740740741 |  0.181818181818 |
|  28  |  NON-REL   | 0.0714285714286 |  0.181818181818 |
|  29  |  NON-REL   | 0.0689655172414 |  0.181818181818 |
|  30  |  NON-REL   | 0.0666666666667 |  0.181818181818 |
|  31  |  NON-REL   | 0.0645161290323 |  0.181818181818 |
|  32  |  NON-REL   |      0.0625     |  0.181818181818 |
|  33  |  NON-REL   | 0.0606060606061 |  0.181818181818 |
|  34  |  NON-REL   | 0.0588235294118 |  0.181818181818 |
|  35  |  NON-REL   | 0.0571428571429 |  0.181818181818 |
|  36  |  NON-REL   | 0.0555555555556 |  0.181818181818 |
|  37  |  NON-REL   | 0.0540540540541 |  0.181818181818 |
|  38  |  NON-REL   | 0.0526315789474 |  0.181818181818 |
|  39  |  NON-REL   | 0.0512820512821 |  0.181818181818 |
|  40  |  NON-REL   |       0.05      |  0.181818181818 |
|  41  |    REL     | 0.0731707317073 |  0.272727272727 |
|  42  |  NON-REL   | 0.0714285714286 |  0.272727272727 |
|  43  |  NON-REL   | 0.0697674418605 |  0.272727272727 |
|  44  |  NON-REL   | 0.0681818181818 |  0.272727272727 |
|  45  |  NON-REL   | 0.0666666666667 |  0.272727272727 |
|  46  |  NON-REL   | 0.0652173913043 |  0.272727272727 |
|  47  |  NON-REL   |  0.063829787234 |  0.272727272727 |
|  48  |  NON-REL   |      0.0625     |  0.272727272727 |
|  49  |  NON-REL   | 0.0612244897959 |  0.272727272727 |
|  50  |  NON-REL   |       0.06      |  0.272727272727 |
|  51  |  NON-REL   | 0.0588235294118 |  0.272727272727 |
|  52  |  NON-REL   | 0.0576923076923 |  0.272727272727 |
|  53  |  NON-REL   | 0.0566037735849 |  0.272727272727 |
|  54  |  NON-REL   | 0.0555555555556 |  0.272727272727 |
|  55  |  NON-REL   | 0.0545454545455 |  0.272727272727 |
|  56  |  NON-REL   | 0.0535714285714 |  0.272727272727 |
|  57  |  NON-REL   | 0.0526315789474 |  0.272727272727 |
|  58  |  NON-REL   |  0.051724137931 |  0.272727272727 |
|  59  |  NON-REL   | 0.0508474576271 |  0.272727272727 |
|  60  |  NON-REL   |       0.05      |  0.272727272727 |
|  61  |  NON-REL   | 0.0491803278689 |  0.272727272727 |
|  62  |  NON-REL   | 0.0483870967742 |  0.272727272727 |
|  63  |  NON-REL   |  0.047619047619 |  0.272727272727 |
|  64  |  NON-REL   |     0.046875    |  0.272727272727 |
|  65  |  NON-REL   | 0.0461538461538 |  0.272727272727 |
|  66  |  NON-REL   | 0.0454545454545 |  0.272727272727 |
|  67  |  NON-REL   |  0.044776119403 |  0.272727272727 |
|  68  |  NON-REL   | 0.0441176470588 |  0.272727272727 |
|  69  |  NON-REL   | 0.0434782608696 |  0.272727272727 |
|  70  |  NON-REL   | 0.0428571428571 |  0.272727272727 |
|  71  |  NON-REL   | 0.0422535211268 |  0.272727272727 |
|  72  |  NON-REL   | 0.0416666666667 |  0.272727272727 |
|  73  |  NON-REL   |  0.041095890411 |  0.272727272727 |
|  74  |  NON-REL   | 0.0405405405405 |  0.272727272727 |
|  75  |  NON-REL   |       0.04      |  0.272727272727 |
|  76  |  NON-REL   | 0.0394736842105 |  0.272727272727 |
|  77  |  NON-REL   |  0.038961038961 |  0.272727272727 |
|  78  |  NON-REL   | 0.0384615384615 |  0.272727272727 |
|  79  |  NON-REL   | 0.0379746835443 |  0.272727272727 |
|  80  |  NON-REL   |      0.0375     |  0.272727272727 |
|  81  |    REL     | 0.0493827160494 |  0.363636363636 |
|  82  |  NON-REL   | 0.0487804878049 |  0.363636363636 |
|  83  |  NON-REL   | 0.0481927710843 |  0.363636363636 |
|  84  |  NON-REL   |  0.047619047619 |  0.363636363636 |
|  85  |  NON-REL   | 0.0470588235294 |  0.363636363636 |
|  86  |  NON-REL   |  0.046511627907 |  0.363636363636 |
|  87  |  NON-REL   | 0.0459770114943 |  0.363636363636 |
|  88  |  NON-REL   | 0.0454545454545 |  0.363636363636 |
|  89  |  NON-REL   | 0.0449438202247 |  0.363636363636 |
|  90  |  NON-REL   | 0.0444444444444 |  0.363636363636 |
|  91  |  NON-REL   |  0.043956043956 |  0.363636363636 |
|  92  |  NON-REL   | 0.0434782608696 |  0.363636363636 |
|  93  |  NON-REL   | 0.0430107526882 |  0.363636363636 |
|  94  |    REL     | 0.0531914893617 |  0.454545454545 |
|  95  |    REL     | 0.0631578947368 |  0.545454545455 |
|  96  |  NON-REL   |      0.0625     |  0.545454545455 |
|  97  |  NON-REL   | 0.0618556701031 |  0.545454545455 |
|  98  |  NON-REL   | 0.0612244897959 |  0.545454545455 |
|  99  |  NON-REL   | 0.0606060606061 |  0.545454545455 |
| 100  |  NON-REL   |       0.06      |  0.545454545455 |
+------+------------+-----------------+-----------------+