query_25: rformance evaluation modelling computer systems
+------+------------+----------------+-----------------+
| RANK | REL/NONREL |   PRECISION    |      RECALL     |
+------+------------+----------------+-----------------+
|  1   |    REL     |      1.0       | 0.0196078431373 |
|  2   |    REL     |      1.0       | 0.0392156862745 |
|  3   |  NON-REL   | 0.666666666667 | 0.0392156862745 |
|  4   |  NON-REL   |      0.5       | 0.0392156862745 |
|  5   |    REL     |      0.6       | 0.0588235294118 |
|  6   |    REL     | 0.666666666667 |  0.078431372549 |
|  7   |  NON-REL   | 0.571428571429 |  0.078431372549 |
|  8   |  NON-REL   |      0.5       |  0.078431372549 |
|  9   |  NON-REL   | 0.444444444444 |  0.078431372549 |
|  10  |    REL     |      0.5       | 0.0980392156863 |
|  11  |  NON-REL   | 0.454545454545 | 0.0980392156863 |
|  12  |  NON-REL   | 0.416666666667 | 0.0980392156863 |
|  13  |  NON-REL   | 0.384615384615 | 0.0980392156863 |
|  14  |  NON-REL   | 0.357142857143 | 0.0980392156863 |
|  15  |  NON-REL   | 0.333333333333 | 0.0980392156863 |
|  16  |    REL     |     0.375      |  0.117647058824 |
|  17  |  NON-REL   | 0.352941176471 |  0.117647058824 |
|  18  |  NON-REL   | 0.333333333333 |  0.117647058824 |
|  19  |  NON-REL   | 0.315789473684 |  0.117647058824 |
|  20  |  NON-REL   |      0.3       |  0.117647058824 |
|  21  |  NON-REL   | 0.285714285714 |  0.117647058824 |
|  22  |  NON-REL   | 0.272727272727 |  0.117647058824 |
|  23  |  NON-REL   | 0.260869565217 |  0.117647058824 |
|  24  |  NON-REL   |      0.25      |  0.117647058824 |
|  25  |    REL     |      0.28      |  0.137254901961 |
|  26  |  NON-REL   | 0.269230769231 |  0.137254901961 |
|  27  |  NON-REL   | 0.259259259259 |  0.137254901961 |
|  28  |  NON-REL   |      0.25      |  0.137254901961 |
|  29  |  NON-REL   | 0.241379310345 |  0.137254901961 |
|  30  |  NON-REL   | 0.233333333333 |  0.137254901961 |
|  31  |  NON-REL   | 0.225806451613 |  0.137254901961 |
|  32  |    REL     |      0.25      |  0.156862745098 |
|  33  |  NON-REL   | 0.242424242424 |  0.156862745098 |
|  34  |    REL     | 0.264705882353 |  0.176470588235 |
|  35  |  NON-REL   | 0.257142857143 |  0.176470588235 |
|  36  |  NON-REL   |      0.25      |  0.176470588235 |
|  37  |  NON-REL   | 0.243243243243 |  0.176470588235 |
|  38  |  NON-REL   | 0.236842105263 |  0.176470588235 |
|  39  |    REL     | 0.25641025641  |  0.196078431373 |
|  40  |  NON-REL   |      0.25      |  0.196078431373 |
|  41  |  NON-REL   | 0.243902439024 |  0.196078431373 |
|  42  |  NON-REL   | 0.238095238095 |  0.196078431373 |
|  43  |  NON-REL   | 0.232558139535 |  0.196078431373 |
|  44  |  NON-REL   | 0.227272727273 |  0.196078431373 |
|  45  |  NON-REL   | 0.222222222222 |  0.196078431373 |
|  46  |  NON-REL   | 0.217391304348 |  0.196078431373 |
|  47  |  NON-REL   | 0.212765957447 |  0.196078431373 |
|  48  |  NON-REL   | 0.208333333333 |  0.196078431373 |
|  49  |  NON-REL   | 0.204081632653 |  0.196078431373 |
|  50  |  NON-REL   |      0.2       |  0.196078431373 |
|  51  |    REL     | 0.21568627451  |  0.21568627451  |
|  52  |  NON-REL   | 0.211538461538 |  0.21568627451  |
|  53  |  NON-REL   | 0.207547169811 |  0.21568627451  |
|  54  |  NON-REL   | 0.203703703704 |  0.21568627451  |
|  55  |  NON-REL   |      0.2       |  0.21568627451  |
|  56  |  NON-REL   | 0.196428571429 |  0.21568627451  |
|  57  |  NON-REL   | 0.19298245614  |  0.21568627451  |
|  58  |  NON-REL   | 0.189655172414 |  0.21568627451  |
|  59  |  NON-REL   | 0.186440677966 |  0.21568627451  |
|  60  |  NON-REL   | 0.183333333333 |  0.21568627451  |
|  61  |  NON-REL   | 0.180327868852 |  0.21568627451  |
|  62  |  NON-REL   | 0.177419354839 |  0.21568627451  |
|  63  |  NON-REL   | 0.174603174603 |  0.21568627451  |
|  64  |  NON-REL   |    0.171875    |  0.21568627451  |
|  65  |  NON-REL   | 0.169230769231 |  0.21568627451  |
|  66  |    REL     | 0.181818181818 |  0.235294117647 |
|  67  |  NON-REL   | 0.179104477612 |  0.235294117647 |
|  68  |  NON-REL   | 0.176470588235 |  0.235294117647 |
|  69  |  NON-REL   | 0.173913043478 |  0.235294117647 |
|  70  |  NON-REL   | 0.171428571429 |  0.235294117647 |
|  71  |  NON-REL   | 0.169014084507 |  0.235294117647 |
|  72  |  NON-REL   | 0.166666666667 |  0.235294117647 |
|  73  |  NON-REL   | 0.164383561644 |  0.235294117647 |
|  74  |  NON-REL   | 0.162162162162 |  0.235294117647 |
|  75  |  NON-REL   |      0.16      |  0.235294117647 |
|  76  |  NON-REL   | 0.157894736842 |  0.235294117647 |
|  77  |  NON-REL   | 0.155844155844 |  0.235294117647 |
|  78  |  NON-REL   | 0.153846153846 |  0.235294117647 |
|  79  |  NON-REL   | 0.151898734177 |  0.235294117647 |
|  80  |  NON-REL   |      0.15      |  0.235294117647 |
|  81  |  NON-REL   | 0.148148148148 |  0.235294117647 |
|  82  |  NON-REL   | 0.146341463415 |  0.235294117647 |
|  83  |  NON-REL   | 0.144578313253 |  0.235294117647 |
|  84  |  NON-REL   | 0.142857142857 |  0.235294117647 |
|  85  |  NON-REL   | 0.141176470588 |  0.235294117647 |
|  86  |  NON-REL   | 0.139534883721 |  0.235294117647 |
|  87  |  NON-REL   | 0.137931034483 |  0.235294117647 |
|  88  |  NON-REL   | 0.136363636364 |  0.235294117647 |
|  89  |  NON-REL   | 0.134831460674 |  0.235294117647 |
|  90  |  NON-REL   | 0.133333333333 |  0.235294117647 |
|  91  |  NON-REL   | 0.131868131868 |  0.235294117647 |
|  92  |  NON-REL   | 0.130434782609 |  0.235294117647 |
|  93  |  NON-REL   | 0.129032258065 |  0.235294117647 |
|  94  |  NON-REL   | 0.127659574468 |  0.235294117647 |
|  95  |  NON-REL   | 0.126315789474 |  0.235294117647 |
|  96  |  NON-REL   |     0.125      |  0.235294117647 |
|  97  |  NON-REL   | 0.123711340206 |  0.235294117647 |
|  98  |  NON-REL   | 0.122448979592 |  0.235294117647 |
|  99  |  NON-REL   | 0.121212121212 |  0.235294117647 |
| 100  |  NON-REL   |      0.12      |  0.235294117647 |
+------+------------+----------------+-----------------+