query_5: pers design implementation editing interfaces window-managers command interpreters essential issues human interface design views improvements user efficiency effectiveness satisfaction
+------+------------+-----------------+--------+
| RANK | REL/NONREL |    PRECISION    | RECALL |
+------+------------+-----------------+--------+
|  1   |  NON-REL   |       0.0       |  0.0   |
|  2   |  NON-REL   |       0.0       |  0.0   |
|  3   |  NON-REL   |       0.0       |  0.0   |
|  4   |  NON-REL   |       0.0       |  0.0   |
|  5   |  NON-REL   |       0.0       |  0.0   |
|  6   |  NON-REL   |       0.0       |  0.0   |
|  7   |    REL     |  0.142857142857 | 0.125  |
|  8   |    REL     |       0.25      |  0.25  |
|  9   |  NON-REL   |  0.222222222222 |  0.25  |
|  10  |  NON-REL   |       0.2       |  0.25  |
|  11  |  NON-REL   |  0.181818181818 |  0.25  |
|  12  |  NON-REL   |  0.166666666667 |  0.25  |
|  13  |  NON-REL   |  0.153846153846 |  0.25  |
|  14  |  NON-REL   |  0.142857142857 |  0.25  |
|  15  |  NON-REL   |  0.133333333333 |  0.25  |
|  16  |  NON-REL   |      0.125      |  0.25  |
|  17  |  NON-REL   |  0.117647058824 |  0.25  |
|  18  |  NON-REL   |  0.111111111111 |  0.25  |
|  19  |  NON-REL   |  0.105263157895 |  0.25  |
|  20  |  NON-REL   |       0.1       |  0.25  |
|  21  |  NON-REL   | 0.0952380952381 |  0.25  |
|  22  |  NON-REL   | 0.0909090909091 |  0.25  |
|  23  |  NON-REL   | 0.0869565217391 |  0.25  |
|  24  |  NON-REL   | 0.0833333333333 |  0.25  |
|  25  |  NON-REL   |       0.08      |  0.25  |
|  26  |  NON-REL   | 0.0769230769231 |  0.25  |
|  27  |    REL     |  0.111111111111 | 0.375  |
|  28  |  NON-REL   |  0.107142857143 | 0.375  |
|  29  |  NON-REL   |  0.103448275862 | 0.375  |
|  30  |  NON-REL   |       0.1       | 0.375  |
|  31  |  NON-REL   | 0.0967741935484 | 0.375  |
|  32  |  NON-REL   |     0.09375     | 0.375  |
|  33  |  NON-REL   | 0.0909090909091 | 0.375  |
|  34  |  NON-REL   | 0.0882352941176 | 0.375  |
|  35  |  NON-REL   | 0.0857142857143 | 0.375  |
|  36  |  NON-REL   | 0.0833333333333 | 0.375  |
|  37  |  NON-REL   | 0.0810810810811 | 0.375  |
|  38  |  NON-REL   | 0.0789473684211 | 0.375  |
|  39  |  NON-REL   | 0.0769230769231 | 0.375  |
|  40  |  NON-REL   |      0.075      | 0.375  |
|  41  |  NON-REL   | 0.0731707317073 | 0.375  |
|  42  |  NON-REL   | 0.0714285714286 | 0.375  |
|  43  |  NON-REL   | 0.0697674418605 | 0.375  |
|  44  |  NON-REL   | 0.0681818181818 | 0.375  |
|  45  |  NON-REL   | 0.0666666666667 | 0.375  |
|  46  |  NON-REL   | 0.0652173913043 | 0.375  |
|  47  |  NON-REL   |  0.063829787234 | 0.375  |
|  48  |  NON-REL   |      0.0625     | 0.375  |
|  49  |  NON-REL   | 0.0612244897959 | 0.375  |
|  50  |  NON-REL   |       0.06      | 0.375  |
|  51  |  NON-REL   | 0.0588235294118 | 0.375  |
|  52  |  NON-REL   | 0.0576923076923 | 0.375  |
|  53  |  NON-REL   | 0.0566037735849 | 0.375  |
|  54  |  NON-REL   | 0.0555555555556 | 0.375  |
|  55  |  NON-REL   | 0.0545454545455 | 0.375  |
|  56  |  NON-REL   | 0.0535714285714 | 0.375  |
|  57  |  NON-REL   | 0.0526315789474 | 0.375  |
|  58  |  NON-REL   |  0.051724137931 | 0.375  |
|  59  |  NON-REL   | 0.0508474576271 | 0.375  |
|  60  |  NON-REL   |       0.05      | 0.375  |
|  61  |  NON-REL   | 0.0491803278689 | 0.375  |
|  62  |  NON-REL   | 0.0483870967742 | 0.375  |
|  63  |  NON-REL   |  0.047619047619 | 0.375  |
|  64  |  NON-REL   |     0.046875    | 0.375  |
|  65  |  NON-REL   | 0.0461538461538 | 0.375  |
|  66  |  NON-REL   | 0.0454545454545 | 0.375  |
|  67  |  NON-REL   |  0.044776119403 | 0.375  |
|  68  |  NON-REL   | 0.0441176470588 | 0.375  |
|  69  |  NON-REL   | 0.0434782608696 | 0.375  |
|  70  |  NON-REL   | 0.0428571428571 | 0.375  |
|  71  |  NON-REL   | 0.0422535211268 | 0.375  |
|  72  |  NON-REL   | 0.0416666666667 | 0.375  |
|  73  |  NON-REL   |  0.041095890411 | 0.375  |
|  74  |  NON-REL   | 0.0405405405405 | 0.375  |
|  75  |  NON-REL   |       0.04      | 0.375  |
|  76  |  NON-REL   | 0.0394736842105 | 0.375  |
|  77  |  NON-REL   |  0.038961038961 | 0.375  |
|  78  |  NON-REL   | 0.0384615384615 | 0.375  |
|  79  |  NON-REL   | 0.0379746835443 | 0.375  |
|  80  |  NON-REL   |      0.0375     | 0.375  |
|  81  |  NON-REL   |  0.037037037037 | 0.375  |
|  82  |  NON-REL   | 0.0365853658537 | 0.375  |
|  83  |  NON-REL   | 0.0361445783133 | 0.375  |
|  84  |  NON-REL   | 0.0357142857143 | 0.375  |
|  85  |  NON-REL   | 0.0352941176471 | 0.375  |
|  86  |  NON-REL   | 0.0348837209302 | 0.375  |
|  87  |  NON-REL   | 0.0344827586207 | 0.375  |
|  88  |  NON-REL   | 0.0340909090909 | 0.375  |
|  89  |  NON-REL   | 0.0337078651685 | 0.375  |
|  90  |  NON-REL   | 0.0333333333333 | 0.375  |
|  91  |  NON-REL   |  0.032967032967 | 0.375  |
|  92  |  NON-REL   | 0.0326086956522 | 0.375  |
|  93  |  NON-REL   | 0.0322580645161 | 0.375  |
|  94  |  NON-REL   |  0.031914893617 | 0.375  |
|  95  |  NON-REL   | 0.0315789473684 | 0.375  |
|  96  |  NON-REL   |     0.03125     | 0.375  |
|  97  |  NON-REL   | 0.0309278350515 | 0.375  |
|  98  |  NON-REL   |  0.030612244898 | 0.375  |
|  99  |  NON-REL   |  0.030303030303 | 0.375  |
| 100  |  NON-REL   |       0.03      | 0.375  |
+------+------------+-----------------+--------+