query_49: le information retrieval knowledge based systems i.e. expert systems
+------+------------+-----------------+--------+
| RANK | REL/NONREL |    PRECISION    | RECALL |
+------+------------+-----------------+--------+
|  1   |  NON-REL   |       0.0       |  0.0   |
|  2   |  NON-REL   |       0.0       |  0.0   |
|  3   |  NON-REL   |       0.0       |  0.0   |
|  4   |  NON-REL   |       0.0       |  0.0   |
|  5   |  NON-REL   |       0.0       |  0.0   |
|  6   |  NON-REL   |       0.0       |  0.0   |
|  7   |  NON-REL   |       0.0       |  0.0   |
|  8   |  NON-REL   |       0.0       |  0.0   |
|  9   |  NON-REL   |       0.0       |  0.0   |
|  10  |  NON-REL   |       0.0       |  0.0   |
|  11  |  NON-REL   |       0.0       |  0.0   |
|  12  |  NON-REL   |       0.0       |  0.0   |
|  13  |  NON-REL   |       0.0       |  0.0   |
|  14  |  NON-REL   |       0.0       |  0.0   |
|  15  |  NON-REL   |       0.0       |  0.0   |
|  16  |  NON-REL   |       0.0       |  0.0   |
|  17  |  NON-REL   |       0.0       |  0.0   |
|  18  |  NON-REL   |       0.0       |  0.0   |
|  19  |  NON-REL   |       0.0       |  0.0   |
|  20  |  NON-REL   |       0.0       |  0.0   |
|  21  |  NON-REL   |       0.0       |  0.0   |
|  22  |  NON-REL   |       0.0       |  0.0   |
|  23  |  NON-REL   |       0.0       |  0.0   |
|  24  |  NON-REL   |       0.0       |  0.0   |
|  25  |  NON-REL   |       0.0       |  0.0   |
|  26  |  NON-REL   |       0.0       |  0.0   |
|  27  |  NON-REL   |       0.0       |  0.0   |
|  28  |  NON-REL   |       0.0       |  0.0   |
|  29  |  NON-REL   |       0.0       |  0.0   |
|  30  |  NON-REL   |       0.0       |  0.0   |
|  31  |  NON-REL   |       0.0       |  0.0   |
|  32  |  NON-REL   |       0.0       |  0.0   |
|  33  |  NON-REL   |       0.0       |  0.0   |
|  34  |  NON-REL   |       0.0       |  0.0   |
|  35  |  NON-REL   |       0.0       |  0.0   |
|  36  |  NON-REL   |       0.0       |  0.0   |
|  37  |  NON-REL   |       0.0       |  0.0   |
|  38  |  NON-REL   |       0.0       |  0.0   |
|  39  |  NON-REL   |       0.0       |  0.0   |
|  40  |  NON-REL   |       0.0       |  0.0   |
|  41  |  NON-REL   |       0.0       |  0.0   |
|  42  |  NON-REL   |       0.0       |  0.0   |
|  43  |  NON-REL   |       0.0       |  0.0   |
|  44  |  NON-REL   |       0.0       |  0.0   |
|  45  |  NON-REL   |       0.0       |  0.0   |
|  46  |  NON-REL   |       0.0       |  0.0   |
|  47  |  NON-REL   |       0.0       |  0.0   |
|  48  |  NON-REL   |       0.0       |  0.0   |
|  49  |  NON-REL   |       0.0       |  0.0   |
|  50  |    REL     |       0.02      | 0.125  |
|  51  |  NON-REL   | 0.0196078431373 | 0.125  |
|  52  |  NON-REL   | 0.0192307692308 | 0.125  |
|  53  |  NON-REL   | 0.0188679245283 | 0.125  |
|  54  |  NON-REL   | 0.0185185185185 | 0.125  |
|  55  |  NON-REL   | 0.0181818181818 | 0.125  |
|  56  |  NON-REL   | 0.0178571428571 | 0.125  |
|  57  |    REL     | 0.0350877192982 |  0.25  |
|  58  |  NON-REL   | 0.0344827586207 |  0.25  |
|  59  |  NON-REL   | 0.0338983050847 |  0.25  |
|  60  |  NON-REL   | 0.0333333333333 |  0.25  |
|  61  |  NON-REL   | 0.0327868852459 |  0.25  |
|  62  |  NON-REL   | 0.0322580645161 |  0.25  |
|  63  |  NON-REL   |  0.031746031746 |  0.25  |
|  64  |  NON-REL   |     0.03125     |  0.25  |
|  65  |  NON-REL   | 0.0307692307692 |  0.25  |
|  66  |  NON-REL   |  0.030303030303 |  0.25  |
|  67  |    REL     |  0.044776119403 | 0.375  |
|  68  |  NON-REL   | 0.0441176470588 | 0.375  |
|  69  |  NON-REL   | 0.0434782608696 | 0.375  |
|  70  |  NON-REL   | 0.0428571428571 | 0.375  |
|  71  |  NON-REL   | 0.0422535211268 | 0.375  |
|  72  |  NON-REL   | 0.0416666666667 | 0.375  |
|  73  |  NON-REL   |  0.041095890411 | 0.375  |
|  74  |  NON-REL   | 0.0405405405405 | 0.375  |
|  75  |  NON-REL   |       0.04      | 0.375  |
|  76  |  NON-REL   | 0.0394736842105 | 0.375  |
|  77  |  NON-REL   |  0.038961038961 | 0.375  |
|  78  |  NON-REL   | 0.0384615384615 | 0.375  |
|  79  |  NON-REL   | 0.0379746835443 | 0.375  |
|  80  |  NON-REL   |      0.0375     | 0.375  |
|  81  |  NON-REL   |  0.037037037037 | 0.375  |
|  82  |  NON-REL   | 0.0365853658537 | 0.375  |
|  83  |  NON-REL   | 0.0361445783133 | 0.375  |
|  84  |  NON-REL   | 0.0357142857143 | 0.375  |
|  85  |  NON-REL   | 0.0352941176471 | 0.375  |
|  86  |  NON-REL   | 0.0348837209302 | 0.375  |
|  87  |  NON-REL   | 0.0344827586207 | 0.375  |
|  88  |  NON-REL   | 0.0340909090909 | 0.375  |
|  89  |  NON-REL   | 0.0337078651685 | 0.375  |
|  90  |  NON-REL   | 0.0333333333333 | 0.375  |
|  91  |  NON-REL   |  0.032967032967 | 0.375  |
|  92  |  NON-REL   | 0.0326086956522 | 0.375  |
|  93  |  NON-REL   | 0.0322580645161 | 0.375  |
|  94  |  NON-REL   |  0.031914893617 | 0.375  |
|  95  |  NON-REL   | 0.0315789473684 | 0.375  |
|  96  |  NON-REL   |     0.03125     | 0.375  |
|  97  |  NON-REL   | 0.0309278350515 | 0.375  |
|  98  |  NON-REL   |  0.030612244898 | 0.375  |
|  99  |  NON-REL   |  0.030303030303 | 0.375  |
| 100  |  NON-REL   |       0.03      | 0.375  |
+------+------------+-----------------+--------+