query_11: tl high level languages
+------+------------+----------------+-----------------+
| RANK | REL/NONREL |   PRECISION    |      RECALL     |
+------+------------+----------------+-----------------+
|  1   |    REL     |      1.0       | 0.0526315789474 |
|  2   |  NON-REL   |      0.5       | 0.0526315789474 |
|  3   |  NON-REL   | 0.333333333333 | 0.0526315789474 |
|  4   |    REL     |      0.5       |  0.105263157895 |
|  5   |    REL     |      0.6       |  0.157894736842 |
|  6   |    REL     | 0.666666666667 |  0.210526315789 |
|  7   |  NON-REL   | 0.571428571429 |  0.210526315789 |
|  8   |  NON-REL   |      0.5       |  0.210526315789 |
|  9   |    REL     | 0.555555555556 |  0.263157894737 |
|  10  |  NON-REL   |      0.5       |  0.263157894737 |
|  11  |  NON-REL   | 0.454545454545 |  0.263157894737 |
|  12  |    REL     |      0.5       |  0.315789473684 |
|  13  |  NON-REL   | 0.461538461538 |  0.315789473684 |
|  14  |  NON-REL   | 0.428571428571 |  0.315789473684 |
|  15  |    REL     | 0.466666666667 |  0.368421052632 |
|  16  |  NON-REL   |     0.4375     |  0.368421052632 |
|  17  |    REL     | 0.470588235294 |  0.421052631579 |
|  18  |  NON-REL   | 0.444444444444 |  0.421052631579 |
|  19  |  NON-REL   | 0.421052631579 |  0.421052631579 |
|  20  |  NON-REL   |      0.4       |  0.421052631579 |
|  21  |  NON-REL   | 0.380952380952 |  0.421052631579 |
|  22  |  NON-REL   | 0.363636363636 |  0.421052631579 |
|  23  |  NON-REL   | 0.347826086957 |  0.421052631579 |
|  24  |  NON-REL   | 0.333333333333 |  0.421052631579 |
|  25  |  NON-REL   |      0.32      |  0.421052631579 |
|  26  |  NON-REL   | 0.307692307692 |  0.421052631579 |
|  27  |  NON-REL   | 0.296296296296 |  0.421052631579 |
|  28  |  NON-REL   | 0.285714285714 |  0.421052631579 |
|  29  |  NON-REL   | 0.275862068966 |  0.421052631579 |
|  30  |  NON-REL   | 0.266666666667 |  0.421052631579 |
|  31  |  NON-REL   | 0.258064516129 |  0.421052631579 |
|  32  |  NON-REL   |      0.25      |  0.421052631579 |
|  33  |  NON-REL   | 0.242424242424 |  0.421052631579 |
|  34  |  NON-REL   | 0.235294117647 |  0.421052631579 |
|  35  |  NON-REL   | 0.228571428571 |  0.421052631579 |
|  36  |  NON-REL   | 0.222222222222 |  0.421052631579 |
|  37  |  NON-REL   | 0.216216216216 |  0.421052631579 |
|  38  |  NON-REL   | 0.210526315789 |  0.421052631579 |
|  39  |  NON-REL   | 0.205128205128 |  0.421052631579 |
|  40  |  NON-REL   |      0.2       |  0.421052631579 |
|  41  |  NON-REL   | 0.19512195122  |  0.421052631579 |
|  42  |  NON-REL   | 0.190476190476 |  0.421052631579 |
|  43  |  NON-REL   | 0.186046511628 |  0.421052631579 |
|  44  |  NON-REL   | 0.181818181818 |  0.421052631579 |
|  45  |  NON-REL   | 0.177777777778 |  0.421052631579 |
|  46  |  NON-REL   | 0.173913043478 |  0.421052631579 |
|  47  |  NON-REL   | 0.170212765957 |  0.421052631579 |
|  48  |  NON-REL   | 0.166666666667 |  0.421052631579 |
|  49  |  NON-REL   | 0.163265306122 |  0.421052631579 |
|  50  |  NON-REL   |      0.16      |  0.421052631579 |
|  51  |  NON-REL   | 0.156862745098 |  0.421052631579 |
|  52  |  NON-REL   | 0.153846153846 |  0.421052631579 |
|  53  |  NON-REL   | 0.150943396226 |  0.421052631579 |
|  54  |  NON-REL   | 0.148148148148 |  0.421052631579 |
|  55  |  NON-REL   | 0.145454545455 |  0.421052631579 |
|  56  |  NON-REL   | 0.142857142857 |  0.421052631579 |
|  57  |  NON-REL   | 0.140350877193 |  0.421052631579 |
|  58  |  NON-REL   | 0.137931034483 |  0.421052631579 |
|  59  |  NON-REL   | 0.135593220339 |  0.421052631579 |
|  60  |  NON-REL   | 0.133333333333 |  0.421052631579 |
|  61  |  NON-REL   | 0.131147540984 |  0.421052631579 |
|  62  |  NON-REL   | 0.129032258065 |  0.421052631579 |
|  63  |    REL     | 0.142857142857 |  0.473684210526 |
|  64  |  NON-REL   |    0.140625    |  0.473684210526 |
|  65  |  NON-REL   | 0.138461538462 |  0.473684210526 |
|  66  |  NON-REL   | 0.136363636364 |  0.473684210526 |
|  67  |  NON-REL   | 0.134328358209 |  0.473684210526 |
|  68  |  NON-REL   | 0.132352941176 |  0.473684210526 |
|  69  |  NON-REL   | 0.130434782609 |  0.473684210526 |
|  70  |  NON-REL   | 0.128571428571 |  0.473684210526 |
|  71  |  NON-REL   | 0.12676056338  |  0.473684210526 |
|  72  |  NON-REL   |     0.125      |  0.473684210526 |
|  73  |  NON-REL   | 0.123287671233 |  0.473684210526 |
|  74  |  NON-REL   | 0.121621621622 |  0.473684210526 |
|  75  |  NON-REL   |      0.12      |  0.473684210526 |
|  76  |    REL     | 0.131578947368 |  0.526315789474 |
|  77  |  NON-REL   | 0.12987012987  |  0.526315789474 |
|  78  |  NON-REL   | 0.128205128205 |  0.526315789474 |
|  79  |  NON-REL   | 0.126582278481 |  0.526315789474 |
|  80  |  NON-REL   |     0.125      |  0.526315789474 |
|  81  |  NON-REL   | 0.123456790123 |  0.526315789474 |
|  82  |  NON-REL   | 0.121951219512 |  0.526315789474 |
|  83  |  NON-REL   | 0.120481927711 |  0.526315789474 |
|  84  |  NON-REL   | 0.119047619048 |  0.526315789474 |
|  85  |  NON-REL   | 0.117647058824 |  0.526315789474 |
|  86  |  NON-REL   | 0.116279069767 |  0.526315789474 |
|  87  |  NON-REL   | 0.114942528736 |  0.526315789474 |
|  88  |  NON-REL   | 0.113636363636 |  0.526315789474 |
|  89  |  NON-REL   | 0.112359550562 |  0.526315789474 |
|  90  |    REL     | 0.122222222222 |  0.578947368421 |
|  91  |  NON-REL   | 0.120879120879 |  0.578947368421 |
|  92  |  NON-REL   | 0.119565217391 |  0.578947368421 |
|  93  |  NON-REL   | 0.118279569892 |  0.578947368421 |
|  94  |  NON-REL   | 0.117021276596 |  0.578947368421 |
|  95  |  NON-REL   | 0.115789473684 |  0.578947368421 |
|  96  |  NON-REL   | 0.114583333333 |  0.578947368421 |
|  97  |  NON-REL   | 0.113402061856 |  0.578947368421 |
|  98  |  NON-REL   | 0.112244897959 |  0.578947368421 |
|  99  |  NON-REL   | 0.111111111111 |  0.578947368421 |
| 100  |  NON-REL   |      0.11      |  0.578947368421 |
+------+------------+----------------+-----------------+