query_40: st articles dealing data types languages referenced frequently papers languages e.g catch languages interesting type structures missed
+------+------------+-----------------+--------+
| RANK | REL/NONREL |    PRECISION    | RECALL |
+------+------------+-----------------+--------+
|  1   |    REL     |       1.0       |  0.1   |
|  2   |  NON-REL   |       0.5       |  0.1   |
|  3   |    REL     |  0.666666666667 |  0.2   |
|  4   |    REL     |       0.75      |  0.3   |
|  5   |  NON-REL   |       0.6       |  0.3   |
|  6   |  NON-REL   |       0.5       |  0.3   |
|  7   |  NON-REL   |  0.428571428571 |  0.3   |
|  8   |  NON-REL   |      0.375      |  0.3   |
|  9   |    REL     |  0.444444444444 |  0.4   |
|  10  |    REL     |       0.5       |  0.5   |
|  11  |  NON-REL   |  0.454545454545 |  0.5   |
|  12  |  NON-REL   |  0.416666666667 |  0.5   |
|  13  |    REL     |  0.461538461538 |  0.6   |
|  14  |  NON-REL   |  0.428571428571 |  0.6   |
|  15  |  NON-REL   |       0.4       |  0.6   |
|  16  |  NON-REL   |      0.375      |  0.6   |
|  17  |  NON-REL   |  0.352941176471 |  0.6   |
|  18  |  NON-REL   |  0.333333333333 |  0.6   |
|  19  |  NON-REL   |  0.315789473684 |  0.6   |
|  20  |  NON-REL   |       0.3       |  0.6   |
|  21  |  NON-REL   |  0.285714285714 |  0.6   |
|  22  |    REL     |  0.318181818182 |  0.7   |
|  23  |  NON-REL   |  0.304347826087 |  0.7   |
|  24  |  NON-REL   |  0.291666666667 |  0.7   |
|  25  |  NON-REL   |       0.28      |  0.7   |
|  26  |  NON-REL   |  0.269230769231 |  0.7   |
|  27  |  NON-REL   |  0.259259259259 |  0.7   |
|  28  |  NON-REL   |       0.25      |  0.7   |
|  29  |  NON-REL   |  0.241379310345 |  0.7   |
|  30  |  NON-REL   |  0.233333333333 |  0.7   |
|  31  |    REL     |  0.258064516129 |  0.8   |
|  32  |  NON-REL   |       0.25      |  0.8   |
|  33  |  NON-REL   |  0.242424242424 |  0.8   |
|  34  |  NON-REL   |  0.235294117647 |  0.8   |
|  35  |  NON-REL   |  0.228571428571 |  0.8   |
|  36  |  NON-REL   |  0.222222222222 |  0.8   |
|  37  |  NON-REL   |  0.216216216216 |  0.8   |
|  38  |  NON-REL   |  0.210526315789 |  0.8   |
|  39  |  NON-REL   |  0.205128205128 |  0.8   |
|  40  |  NON-REL   |       0.2       |  0.8   |
|  41  |  NON-REL   |  0.19512195122  |  0.8   |
|  42  |  NON-REL   |  0.190476190476 |  0.8   |
|  43  |  NON-REL   |  0.186046511628 |  0.8   |
|  44  |  NON-REL   |  0.181818181818 |  0.8   |
|  45  |  NON-REL   |  0.177777777778 |  0.8   |
|  46  |  NON-REL   |  0.173913043478 |  0.8   |
|  47  |  NON-REL   |  0.170212765957 |  0.8   |
|  48  |  NON-REL   |  0.166666666667 |  0.8   |
|  49  |  NON-REL   |  0.163265306122 |  0.8   |
|  50  |  NON-REL   |       0.16      |  0.8   |
|  51  |  NON-REL   |  0.156862745098 |  0.8   |
|  52  |  NON-REL   |  0.153846153846 |  0.8   |
|  53  |  NON-REL   |  0.150943396226 |  0.8   |
|  54  |  NON-REL   |  0.148148148148 |  0.8   |
|  55  |  NON-REL   |  0.145454545455 |  0.8   |
|  56  |  NON-REL   |  0.142857142857 |  0.8   |
|  57  |  NON-REL   |  0.140350877193 |  0.8   |
|  58  |  NON-REL   |  0.137931034483 |  0.8   |
|  59  |  NON-REL   |  0.135593220339 |  0.8   |
|  60  |  NON-REL   |  0.133333333333 |  0.8   |
|  61  |  NON-REL   |  0.131147540984 |  0.8   |
|  62  |  NON-REL   |  0.129032258065 |  0.8   |
|  63  |  NON-REL   |  0.126984126984 |  0.8   |
|  64  |  NON-REL   |      0.125      |  0.8   |
|  65  |  NON-REL   |  0.123076923077 |  0.8   |
|  66  |  NON-REL   |  0.121212121212 |  0.8   |
|  67  |  NON-REL   |  0.119402985075 |  0.8   |
|  68  |  NON-REL   |  0.117647058824 |  0.8   |
|  69  |  NON-REL   |  0.115942028986 |  0.8   |
|  70  |  NON-REL   |  0.114285714286 |  0.8   |
|  71  |  NON-REL   |  0.112676056338 |  0.8   |
|  72  |  NON-REL   |  0.111111111111 |  0.8   |
|  73  |  NON-REL   |  0.109589041096 |  0.8   |
|  74  |  NON-REL   |  0.108108108108 |  0.8   |
|  75  |  NON-REL   |  0.106666666667 |  0.8   |
|  76  |  NON-REL   |  0.105263157895 |  0.8   |
|  77  |  NON-REL   |  0.103896103896 |  0.8   |
|  78  |  NON-REL   |  0.102564102564 |  0.8   |
|  79  |  NON-REL   |  0.101265822785 |  0.8   |
|  80  |  NON-REL   |       0.1       |  0.8   |
|  81  |  NON-REL   | 0.0987654320988 |  0.8   |
|  82  |  NON-REL   | 0.0975609756098 |  0.8   |
|  83  |  NON-REL   | 0.0963855421687 |  0.8   |
|  84  |  NON-REL   | 0.0952380952381 |  0.8   |
|  85  |  NON-REL   | 0.0941176470588 |  0.8   |
|  86  |  NON-REL   |  0.093023255814 |  0.8   |
|  87  |  NON-REL   | 0.0919540229885 |  0.8   |
|  88  |  NON-REL   | 0.0909090909091 |  0.8   |
|  89  |  NON-REL   | 0.0898876404494 |  0.8   |
|  90  |  NON-REL   | 0.0888888888889 |  0.8   |
|  91  |  NON-REL   | 0.0879120879121 |  0.8   |
|  92  |  NON-REL   | 0.0869565217391 |  0.8   |
|  93  |  NON-REL   | 0.0860215053763 |  0.8   |
|  94  |  NON-REL   | 0.0851063829787 |  0.8   |
|  95  |  NON-REL   | 0.0842105263158 |  0.8   |
|  96  |  NON-REL   | 0.0833333333333 |  0.8   |
|  97  |  NON-REL   | 0.0824742268041 |  0.8   |
|  98  |  NON-REL   | 0.0816326530612 |  0.8   |
|  99  |  NON-REL   | 0.0808080808081 |  0.8   |
| 100  |  NON-REL   |       0.08      |  0.8   |
+------+------------+-----------------+--------+