query_44: xture analysis computer digitized texture analysis texture synthesis perception texture
+------+------------+-----------------+-----------------+
| RANK | REL/NONREL |    PRECISION    |      RECALL     |
+------+------------+-----------------+-----------------+
|  1   |    REL     |       1.0       | 0.0588235294118 |
|  2   |    REL     |       1.0       |  0.117647058824 |
|  3   |  NON-REL   |  0.666666666667 |  0.117647058824 |
|  4   |  NON-REL   |       0.5       |  0.117647058824 |
|  5   |  NON-REL   |       0.4       |  0.117647058824 |
|  6   |  NON-REL   |  0.333333333333 |  0.117647058824 |
|  7   |  NON-REL   |  0.285714285714 |  0.117647058824 |
|  8   |  NON-REL   |       0.25      |  0.117647058824 |
|  9   |  NON-REL   |  0.222222222222 |  0.117647058824 |
|  10  |  NON-REL   |       0.2       |  0.117647058824 |
|  11  |  NON-REL   |  0.181818181818 |  0.117647058824 |
|  12  |  NON-REL   |  0.166666666667 |  0.117647058824 |
|  13  |  NON-REL   |  0.153846153846 |  0.117647058824 |
|  14  |  NON-REL   |  0.142857142857 |  0.117647058824 |
|  15  |  NON-REL   |  0.133333333333 |  0.117647058824 |
|  16  |  NON-REL   |      0.125      |  0.117647058824 |
|  17  |  NON-REL   |  0.117647058824 |  0.117647058824 |
|  18  |  NON-REL   |  0.111111111111 |  0.117647058824 |
|  19  |    REL     |  0.157894736842 |  0.176470588235 |
|  20  |    REL     |       0.2       |  0.235294117647 |
|  21  |  NON-REL   |  0.190476190476 |  0.235294117647 |
|  22  |  NON-REL   |  0.181818181818 |  0.235294117647 |
|  23  |  NON-REL   |  0.173913043478 |  0.235294117647 |
|  24  |  NON-REL   |  0.166666666667 |  0.235294117647 |
|  25  |  NON-REL   |       0.16      |  0.235294117647 |
|  26  |  NON-REL   |  0.153846153846 |  0.235294117647 |
|  27  |  NON-REL   |  0.148148148148 |  0.235294117647 |
|  28  |  NON-REL   |  0.142857142857 |  0.235294117647 |
|  29  |  NON-REL   |  0.137931034483 |  0.235294117647 |
|  30  |  NON-REL   |  0.133333333333 |  0.235294117647 |
|  31  |  NON-REL   |  0.129032258065 |  0.235294117647 |
|  32  |  NON-REL   |      0.125      |  0.235294117647 |
|  33  |  NON-REL   |  0.121212121212 |  0.235294117647 |
|  34  |  NON-REL   |  0.117647058824 |  0.235294117647 |
|  35  |  NON-REL   |  0.114285714286 |  0.235294117647 |
|  36  |  NON-REL   |  0.111111111111 |  0.235294117647 |
|  37  |  NON-REL   |  0.108108108108 |  0.235294117647 |
|  38  |  NON-REL   |  0.105263157895 |  0.235294117647 |
|  39  |  NON-REL   |  0.102564102564 |  0.235294117647 |
|  40  |  NON-REL   |       0.1       |  0.235294117647 |
|  41  |  NON-REL   | 0.0975609756098 |  0.235294117647 |
|  42  |  NON-REL   | 0.0952380952381 |  0.235294117647 |
|  43  |  NON-REL   |  0.093023255814 |  0.235294117647 |
|  44  |  NON-REL   | 0.0909090909091 |  0.235294117647 |
|  45  |  NON-REL   | 0.0888888888889 |  0.235294117647 |
|  46  |  NON-REL   | 0.0869565217391 |  0.235294117647 |
|  47  |  NON-REL   | 0.0851063829787 |  0.235294117647 |
|  48  |  NON-REL   | 0.0833333333333 |  0.235294117647 |
|  49  |  NON-REL   | 0.0816326530612 |  0.235294117647 |
|  50  |  NON-REL   |       0.08      |  0.235294117647 |
|  51  |  NON-REL   |  0.078431372549 |  0.235294117647 |
|  52  |  NON-REL   | 0.0769230769231 |  0.235294117647 |
|  53  |  NON-REL   | 0.0754716981132 |  0.235294117647 |
|  54  |  NON-REL   | 0.0740740740741 |  0.235294117647 |
|  55  |  NON-REL   | 0.0727272727273 |  0.235294117647 |
|  56  |  NON-REL   | 0.0714285714286 |  0.235294117647 |
|  57  |  NON-REL   | 0.0701754385965 |  0.235294117647 |
|  58  |  NON-REL   | 0.0689655172414 |  0.235294117647 |
|  59  |  NON-REL   | 0.0677966101695 |  0.235294117647 |
|  60  |  NON-REL   | 0.0666666666667 |  0.235294117647 |
|  61  |  NON-REL   | 0.0655737704918 |  0.235294117647 |
|  62  |  NON-REL   | 0.0645161290323 |  0.235294117647 |
|  63  |  NON-REL   | 0.0634920634921 |  0.235294117647 |
|  64  |  NON-REL   |      0.0625     |  0.235294117647 |
|  65  |  NON-REL   | 0.0615384615385 |  0.235294117647 |
|  66  |  NON-REL   | 0.0606060606061 |  0.235294117647 |
|  67  |  NON-REL   | 0.0597014925373 |  0.235294117647 |
|  68  |  NON-REL   | 0.0588235294118 |  0.235294117647 |
|  69  |  NON-REL   | 0.0579710144928 |  0.235294117647 |
|  70  |  NON-REL   | 0.0571428571429 |  0.235294117647 |
|  71  |  NON-REL   |  0.056338028169 |  0.235294117647 |
|  72  |  NON-REL   | 0.0555555555556 |  0.235294117647 |
|  73  |  NON-REL   | 0.0547945205479 |  0.235294117647 |
|  74  |  NON-REL   | 0.0540540540541 |  0.235294117647 |
|  75  |  NON-REL   | 0.0533333333333 |  0.235294117647 |
|  76  |  NON-REL   | 0.0526315789474 |  0.235294117647 |
|  77  |  NON-REL   | 0.0519480519481 |  0.235294117647 |
|  78  |  NON-REL   | 0.0512820512821 |  0.235294117647 |
|  79  |  NON-REL   | 0.0506329113924 |  0.235294117647 |
|  80  |  NON-REL   |       0.05      |  0.235294117647 |
|  81  |  NON-REL   | 0.0493827160494 |  0.235294117647 |
|  82  |  NON-REL   | 0.0487804878049 |  0.235294117647 |
|  83  |  NON-REL   | 0.0481927710843 |  0.235294117647 |
|  84  |  NON-REL   |  0.047619047619 |  0.235294117647 |
|  85  |  NON-REL   | 0.0470588235294 |  0.235294117647 |
|  86  |  NON-REL   |  0.046511627907 |  0.235294117647 |
|  87  |  NON-REL   | 0.0459770114943 |  0.235294117647 |
|  88  |  NON-REL   | 0.0454545454545 |  0.235294117647 |
|  89  |  NON-REL   | 0.0449438202247 |  0.235294117647 |
|  90  |  NON-REL   | 0.0444444444444 |  0.235294117647 |
|  91  |    REL     | 0.0549450549451 |  0.294117647059 |
|  92  |  NON-REL   |  0.054347826087 |  0.294117647059 |
|  93  |  NON-REL   | 0.0537634408602 |  0.294117647059 |
|  94  |  NON-REL   | 0.0531914893617 |  0.294117647059 |
|  95  |  NON-REL   | 0.0526315789474 |  0.294117647059 |
|  96  |  NON-REL   | 0.0520833333333 |  0.294117647059 |
|  97  |  NON-REL   | 0.0515463917526 |  0.294117647059 |
|  98  |  NON-REL   | 0.0510204081633 |  0.294117647059 |
|  99  |  NON-REL   | 0.0505050505051 |  0.294117647059 |
| 100  |  NON-REL   |       0.05      |  0.294117647059 |
+------+------------+-----------------+-----------------+