query_36: st algorithm context-free language recognition parsing
+------+------------+----------------+--------+
| RANK | REL/NONREL |   PRECISION    | RECALL |
+------+------------+----------------+--------+
|  1   |    REL     |      1.0       |  0.05  |
|  2   |    REL     |      1.0       |  0.1   |
|  3   |    REL     |      1.0       |  0.15  |
|  4   |  NON-REL   |      0.75      |  0.15  |
|  5   |  NON-REL   |      0.6       |  0.15  |
|  6   |  NON-REL   |      0.5       |  0.15  |
|  7   |  NON-REL   | 0.428571428571 |  0.15  |
|  8   |  NON-REL   |     0.375      |  0.15  |
|  9   |  NON-REL   | 0.333333333333 |  0.15  |
|  10  |  NON-REL   |      0.3       |  0.15  |
|  11  |  NON-REL   | 0.272727272727 |  0.15  |
|  12  |  NON-REL   |      0.25      |  0.15  |
|  13  |  NON-REL   | 0.230769230769 |  0.15  |
|  14  |    REL     | 0.285714285714 |  0.2   |
|  15  |  NON-REL   | 0.266666666667 |  0.2   |
|  16  |    REL     |     0.3125     |  0.25  |
|  17  |    REL     | 0.352941176471 |  0.3   |
|  18  |    REL     | 0.388888888889 |  0.35  |
|  19  |    REL     | 0.421052631579 |  0.4   |
|  20  |    REL     |      0.45      |  0.45  |
|  21  |    REL     | 0.47619047619  |  0.5   |
|  22  |    REL     |      0.5       |  0.55  |
|  23  |  NON-REL   | 0.478260869565 |  0.55  |
|  24  |  NON-REL   | 0.458333333333 |  0.55  |
|  25  |    REL     |      0.48      |  0.6   |
|  26  |  NON-REL   | 0.461538461538 |  0.6   |
|  27  |  NON-REL   | 0.444444444444 |  0.6   |
|  28  |  NON-REL   | 0.428571428571 |  0.6   |
|  29  |  NON-REL   | 0.413793103448 |  0.6   |
|  30  |  NON-REL   |      0.4       |  0.6   |
|  31  |  NON-REL   | 0.387096774194 |  0.6   |
|  32  |    REL     |    0.40625     |  0.65  |
|  33  |  NON-REL   | 0.393939393939 |  0.65  |
|  34  |  NON-REL   | 0.382352941176 |  0.65  |
|  35  |  NON-REL   | 0.371428571429 |  0.65  |
|  36  |  NON-REL   | 0.361111111111 |  0.65  |
|  37  |    REL     | 0.378378378378 |  0.7   |
|  38  |  NON-REL   | 0.368421052632 |  0.7   |
|  39  |  NON-REL   | 0.358974358974 |  0.7   |
|  40  |  NON-REL   |      0.35      |  0.7   |
|  41  |  NON-REL   | 0.341463414634 |  0.7   |
|  42  |  NON-REL   | 0.333333333333 |  0.7   |
|  43  |  NON-REL   | 0.325581395349 |  0.7   |
|  44  |  NON-REL   | 0.318181818182 |  0.7   |
|  45  |    REL     | 0.333333333333 |  0.75  |
|  46  |  NON-REL   | 0.326086956522 |  0.75  |
|  47  |  NON-REL   | 0.31914893617  |  0.75  |
|  48  |  NON-REL   |     0.3125     |  0.75  |
|  49  |  NON-REL   | 0.30612244898  |  0.75  |
|  50  |  NON-REL   |      0.3       |  0.75  |
|  51  |  NON-REL   | 0.294117647059 |  0.75  |
|  52  |  NON-REL   | 0.288461538462 |  0.75  |
|  53  |  NON-REL   | 0.283018867925 |  0.75  |
|  54  |  NON-REL   | 0.277777777778 |  0.75  |
|  55  |  NON-REL   | 0.272727272727 |  0.75  |
|  56  |  NON-REL   | 0.267857142857 |  0.75  |
|  57  |  NON-REL   | 0.263157894737 |  0.75  |
|  58  |    REL     | 0.275862068966 |  0.8   |
|  59  |  NON-REL   | 0.271186440678 |  0.8   |
|  60  |  NON-REL   | 0.266666666667 |  0.8   |
|  61  |  NON-REL   | 0.262295081967 |  0.8   |
|  62  |  NON-REL   | 0.258064516129 |  0.8   |
|  63  |  NON-REL   | 0.253968253968 |  0.8   |
|  64  |  NON-REL   |      0.25      |  0.8   |
|  65  |  NON-REL   | 0.246153846154 |  0.8   |
|  66  |  NON-REL   | 0.242424242424 |  0.8   |
|  67  |  NON-REL   | 0.238805970149 |  0.8   |
|  68  |  NON-REL   | 0.235294117647 |  0.8   |
|  69  |  NON-REL   | 0.231884057971 |  0.8   |
|  70  |  NON-REL   | 0.228571428571 |  0.8   |
|  71  |  NON-REL   | 0.225352112676 |  0.8   |
|  72  |  NON-REL   | 0.222222222222 |  0.8   |
|  73  |  NON-REL   | 0.219178082192 |  0.8   |
|  74  |  NON-REL   | 0.216216216216 |  0.8   |
|  75  |  NON-REL   | 0.213333333333 |  0.8   |
|  76  |  NON-REL   | 0.210526315789 |  0.8   |
|  77  |  NON-REL   | 0.207792207792 |  0.8   |
|  78  |  NON-REL   | 0.205128205128 |  0.8   |
|  79  |    REL     | 0.215189873418 |  0.85  |
|  80  |  NON-REL   |     0.2125     |  0.85  |
|  81  |  NON-REL   | 0.20987654321  |  0.85  |
|  82  |  NON-REL   | 0.207317073171 |  0.85  |
|  83  |  NON-REL   | 0.204819277108 |  0.85  |
|  84  |  NON-REL   | 0.202380952381 |  0.85  |
|  85  |  NON-REL   |      0.2       |  0.85  |
|  86  |  NON-REL   | 0.197674418605 |  0.85  |
|  87  |  NON-REL   | 0.195402298851 |  0.85  |
|  88  |  NON-REL   | 0.193181818182 |  0.85  |
|  89  |  NON-REL   | 0.191011235955 |  0.85  |
|  90  |  NON-REL   | 0.188888888889 |  0.85  |
|  91  |  NON-REL   | 0.186813186813 |  0.85  |
|  92  |  NON-REL   | 0.184782608696 |  0.85  |
|  93  |  NON-REL   | 0.182795698925 |  0.85  |
|  94  |  NON-REL   | 0.18085106383  |  0.85  |
|  95  |    REL     | 0.189473684211 |  0.9   |
|  96  |  NON-REL   |     0.1875     |  0.9   |
|  97  |  NON-REL   | 0.185567010309 |  0.9   |
|  98  |  NON-REL   | 0.183673469388 |  0.9   |
|  99  |  NON-REL   | 0.181818181818 |  0.9   |
| 100  |  NON-REL   |      0.18      |  0.9   |
+------+------------+----------------+--------+