query_61: formation retrieval articles gerard salton clustering bibliographic coupling citations co-citations vector space model boolean search methods inverted feedback salton
+------+------------+-----------------+-----------------+
| RANK | REL/NONREL |    PRECISION    |      RECALL     |
+------+------------+-----------------+-----------------+
|  1   |    REL     |       1.0       | 0.0322580645161 |
|  2   |  NON-REL   |       0.5       | 0.0322580645161 |
|  3   |  NON-REL   |  0.333333333333 | 0.0322580645161 |
|  4   |  NON-REL   |       0.25      | 0.0322580645161 |
|  5   |  NON-REL   |       0.2       | 0.0322580645161 |
|  6   |  NON-REL   |  0.166666666667 | 0.0322580645161 |
|  7   |  NON-REL   |  0.142857142857 | 0.0322580645161 |
|  8   |  NON-REL   |      0.125      | 0.0322580645161 |
|  9   |  NON-REL   |  0.111111111111 | 0.0322580645161 |
|  10  |  NON-REL   |       0.1       | 0.0322580645161 |
|  11  |  NON-REL   | 0.0909090909091 | 0.0322580645161 |
|  12  |  NON-REL   | 0.0833333333333 | 0.0322580645161 |
|  13  |  NON-REL   | 0.0769230769231 | 0.0322580645161 |
|  14  |  NON-REL   | 0.0714285714286 | 0.0322580645161 |
|  15  |  NON-REL   | 0.0666666666667 | 0.0322580645161 |
|  16  |  NON-REL   |      0.0625     | 0.0322580645161 |
|  17  |  NON-REL   | 0.0588235294118 | 0.0322580645161 |
|  18  |  NON-REL   | 0.0555555555556 | 0.0322580645161 |
|  19  |  NON-REL   | 0.0526315789474 | 0.0322580645161 |
|  20  |  NON-REL   |       0.05      | 0.0322580645161 |
|  21  |  NON-REL   |  0.047619047619 | 0.0322580645161 |
|  22  |  NON-REL   | 0.0454545454545 | 0.0322580645161 |
|  23  |  NON-REL   | 0.0434782608696 | 0.0322580645161 |
|  24  |  NON-REL   | 0.0416666666667 | 0.0322580645161 |
|  25  |  NON-REL   |       0.04      | 0.0322580645161 |
|  26  |  NON-REL   | 0.0384615384615 | 0.0322580645161 |
|  27  |  NON-REL   |  0.037037037037 | 0.0322580645161 |
|  28  |  NON-REL   | 0.0357142857143 | 0.0322580645161 |
|  29  |  NON-REL   | 0.0344827586207 | 0.0322580645161 |
|  30  |  NON-REL   | 0.0333333333333 | 0.0322580645161 |
|  31  |  NON-REL   | 0.0322580645161 | 0.0322580645161 |
|  32  |  NON-REL   |     0.03125     | 0.0322580645161 |
|  33  |  NON-REL   |  0.030303030303 | 0.0322580645161 |
|  34  |  NON-REL   | 0.0294117647059 | 0.0322580645161 |
|  35  |  NON-REL   | 0.0285714285714 | 0.0322580645161 |
|  36  |  NON-REL   | 0.0277777777778 | 0.0322580645161 |
|  37  |  NON-REL   |  0.027027027027 | 0.0322580645161 |
|  38  |  NON-REL   | 0.0263157894737 | 0.0322580645161 |
|  39  |    REL     | 0.0512820512821 | 0.0645161290323 |
|  40  |  NON-REL   |       0.05      | 0.0645161290323 |
|  41  |    REL     | 0.0731707317073 | 0.0967741935484 |
|  42  |  NON-REL   | 0.0714285714286 | 0.0967741935484 |
|  43  |  NON-REL   | 0.0697674418605 | 0.0967741935484 |
|  44  |  NON-REL   | 0.0681818181818 | 0.0967741935484 |
|  45  |  NON-REL   | 0.0666666666667 | 0.0967741935484 |
|  46  |  NON-REL   | 0.0652173913043 | 0.0967741935484 |
|  47  |  NON-REL   |  0.063829787234 | 0.0967741935484 |
|  48  |  NON-REL   |      0.0625     | 0.0967741935484 |
|  49  |  NON-REL   | 0.0612244897959 | 0.0967741935484 |
|  50  |  NON-REL   |       0.06      | 0.0967741935484 |
|  51  |  NON-REL   | 0.0588235294118 | 0.0967741935484 |
|  52  |  NON-REL   | 0.0576923076923 | 0.0967741935484 |
|  53  |  NON-REL   | 0.0566037735849 | 0.0967741935484 |
|  54  |  NON-REL   | 0.0555555555556 | 0.0967741935484 |
|  55  |  NON-REL   | 0.0545454545455 | 0.0967741935484 |
|  56  |  NON-REL   | 0.0535714285714 | 0.0967741935484 |
|  57  |  NON-REL   | 0.0526315789474 | 0.0967741935484 |
|  58  |  NON-REL   |  0.051724137931 | 0.0967741935484 |
|  59  |  NON-REL   | 0.0508474576271 | 0.0967741935484 |
|  60  |  NON-REL   |       0.05      | 0.0967741935484 |
|  61  |  NON-REL   | 0.0491803278689 | 0.0967741935484 |
|  62  |  NON-REL   | 0.0483870967742 | 0.0967741935484 |
|  63  |  NON-REL   |  0.047619047619 | 0.0967741935484 |
|  64  |  NON-REL   |     0.046875    | 0.0967741935484 |
|  65  |  NON-REL   | 0.0461538461538 | 0.0967741935484 |
|  66  |  NON-REL   | 0.0454545454545 | 0.0967741935484 |
|  67  |    REL     | 0.0597014925373 |  0.129032258065 |
|  68  |  NON-REL   | 0.0588235294118 |  0.129032258065 |
|  69  |  NON-REL   | 0.0579710144928 |  0.129032258065 |
|  70  |  NON-REL   | 0.0571428571429 |  0.129032258065 |
|  71  |  NON-REL   |  0.056338028169 |  0.129032258065 |
|  72  |  NON-REL   | 0.0555555555556 |  0.129032258065 |
|  73  |  NON-REL   | 0.0547945205479 |  0.129032258065 |
|  74  |  NON-REL   | 0.0540540540541 |  0.129032258065 |
|  75  |  NON-REL   | 0.0533333333333 |  0.129032258065 |
|  76  |  NON-REL   | 0.0526315789474 |  0.129032258065 |
|  77  |  NON-REL   | 0.0519480519481 |  0.129032258065 |
|  78  |  NON-REL   | 0.0512820512821 |  0.129032258065 |
|  79  |  NON-REL   | 0.0506329113924 |  0.129032258065 |
|  80  |  NON-REL   |       0.05      |  0.129032258065 |
|  81  |  NON-REL   | 0.0493827160494 |  0.129032258065 |
|  82  |  NON-REL   | 0.0487804878049 |  0.129032258065 |
|  83  |  NON-REL   | 0.0481927710843 |  0.129032258065 |
|  84  |  NON-REL   |  0.047619047619 |  0.129032258065 |
|  85  |  NON-REL   | 0.0470588235294 |  0.129032258065 |
|  86  |  NON-REL   |  0.046511627907 |  0.129032258065 |
|  87  |  NON-REL   | 0.0459770114943 |  0.129032258065 |
|  88  |  NON-REL   | 0.0454545454545 |  0.129032258065 |
|  89  |  NON-REL   | 0.0449438202247 |  0.129032258065 |
|  90  |  NON-REL   | 0.0444444444444 |  0.129032258065 |
|  91  |  NON-REL   |  0.043956043956 |  0.129032258065 |
|  92  |  NON-REL   | 0.0434782608696 |  0.129032258065 |
|  93  |  NON-REL   | 0.0430107526882 |  0.129032258065 |
|  94  |  NON-REL   | 0.0425531914894 |  0.129032258065 |
|  95  |  NON-REL   | 0.0421052631579 |  0.129032258065 |
|  96  |  NON-REL   | 0.0416666666667 |  0.129032258065 |
|  97  |  NON-REL   | 0.0412371134021 |  0.129032258065 |
|  98  |  NON-REL   | 0.0408163265306 |  0.129032258065 |
|  99  |  NON-REL   |  0.040404040404 |  0.129032258065 |
| 100  |  NON-REL   |       0.04      |  0.129032258065 |
+------+------------+-----------------+-----------------+