query_27: mory management aspects operating systems
+------+------------+----------------+-----------------+
| RANK | REL/NONREL |   PRECISION    |      RECALL     |
+------+------------+----------------+-----------------+
|  1   |    REL     |      1.0       | 0.0344827586207 |
|  2   |  NON-REL   |      0.5       | 0.0344827586207 |
|  3   |  NON-REL   | 0.333333333333 | 0.0344827586207 |
|  4   |  NON-REL   |      0.25      | 0.0344827586207 |
|  5   |    REL     |      0.4       | 0.0689655172414 |
|  6   |  NON-REL   | 0.333333333333 | 0.0689655172414 |
|  7   |  NON-REL   | 0.285714285714 | 0.0689655172414 |
|  8   |  NON-REL   |      0.25      | 0.0689655172414 |
|  9   |  NON-REL   | 0.222222222222 | 0.0689655172414 |
|  10  |  NON-REL   |      0.2       | 0.0689655172414 |
|  11  |  NON-REL   | 0.181818181818 | 0.0689655172414 |
|  12  |  NON-REL   | 0.166666666667 | 0.0689655172414 |
|  13  |    REL     | 0.230769230769 |  0.103448275862 |
|  14  |  NON-REL   | 0.214285714286 |  0.103448275862 |
|  15  |  NON-REL   |      0.2       |  0.103448275862 |
|  16  |  NON-REL   |     0.1875     |  0.103448275862 |
|  17  |    REL     | 0.235294117647 |  0.137931034483 |
|  18  |    REL     | 0.277777777778 |  0.172413793103 |
|  19  |  NON-REL   | 0.263157894737 |  0.172413793103 |
|  20  |    REL     |      0.3       |  0.206896551724 |
|  21  |  NON-REL   | 0.285714285714 |  0.206896551724 |
|  22  |    REL     | 0.318181818182 |  0.241379310345 |
|  23  |    REL     | 0.347826086957 |  0.275862068966 |
|  24  |    REL     |     0.375      |  0.310344827586 |
|  25  |    REL     |      0.4       |  0.344827586207 |
|  26  |  NON-REL   | 0.384615384615 |  0.344827586207 |
|  27  |  NON-REL   | 0.37037037037  |  0.344827586207 |
|  28  |  NON-REL   | 0.357142857143 |  0.344827586207 |
|  29  |  NON-REL   | 0.344827586207 |  0.344827586207 |
|  30  |  NON-REL   | 0.333333333333 |  0.344827586207 |
|  31  |  NON-REL   | 0.322580645161 |  0.344827586207 |
|  32  |    REL     |    0.34375     |  0.379310344828 |
|  33  |  NON-REL   | 0.333333333333 |  0.379310344828 |
|  34  |  NON-REL   | 0.323529411765 |  0.379310344828 |
|  35  |  NON-REL   | 0.314285714286 |  0.379310344828 |
|  36  |  NON-REL   | 0.305555555556 |  0.379310344828 |
|  37  |  NON-REL   | 0.297297297297 |  0.379310344828 |
|  38  |  NON-REL   | 0.289473684211 |  0.379310344828 |
|  39  |  NON-REL   | 0.282051282051 |  0.379310344828 |
|  40  |  NON-REL   |     0.275      |  0.379310344828 |
|  41  |  NON-REL   | 0.268292682927 |  0.379310344828 |
|  42  |  NON-REL   | 0.261904761905 |  0.379310344828 |
|  43  |  NON-REL   | 0.255813953488 |  0.379310344828 |
|  44  |  NON-REL   |      0.25      |  0.379310344828 |
|  45  |    REL     | 0.266666666667 |  0.413793103448 |
|  46  |  NON-REL   | 0.260869565217 |  0.413793103448 |
|  47  |  NON-REL   | 0.255319148936 |  0.413793103448 |
|  48  |  NON-REL   |      0.25      |  0.413793103448 |
|  49  |  NON-REL   | 0.244897959184 |  0.413793103448 |
|  50  |  NON-REL   |      0.24      |  0.413793103448 |
|  51  |    REL     | 0.254901960784 |  0.448275862069 |
|  52  |  NON-REL   |      0.25      |  0.448275862069 |
|  53  |  NON-REL   | 0.245283018868 |  0.448275862069 |
|  54  |  NON-REL   | 0.240740740741 |  0.448275862069 |
|  55  |  NON-REL   | 0.236363636364 |  0.448275862069 |
|  56  |  NON-REL   | 0.232142857143 |  0.448275862069 |
|  57  |  NON-REL   | 0.228070175439 |  0.448275862069 |
|  58  |  NON-REL   | 0.224137931034 |  0.448275862069 |
|  59  |  NON-REL   | 0.220338983051 |  0.448275862069 |
|  60  |  NON-REL   | 0.216666666667 |  0.448275862069 |
|  61  |  NON-REL   | 0.213114754098 |  0.448275862069 |
|  62  |  NON-REL   | 0.209677419355 |  0.448275862069 |
|  63  |  NON-REL   | 0.206349206349 |  0.448275862069 |
|  64  |  NON-REL   |    0.203125    |  0.448275862069 |
|  65  |  NON-REL   |      0.2       |  0.448275862069 |
|  66  |  NON-REL   | 0.19696969697  |  0.448275862069 |
|  67  |  NON-REL   | 0.194029850746 |  0.448275862069 |
|  68  |  NON-REL   | 0.191176470588 |  0.448275862069 |
|  69  |  NON-REL   | 0.188405797101 |  0.448275862069 |
|  70  |  NON-REL   | 0.185714285714 |  0.448275862069 |
|  71  |  NON-REL   | 0.183098591549 |  0.448275862069 |
|  72  |  NON-REL   | 0.180555555556 |  0.448275862069 |
|  73  |  NON-REL   | 0.178082191781 |  0.448275862069 |
|  74  |  NON-REL   | 0.175675675676 |  0.448275862069 |
|  75  |  NON-REL   | 0.173333333333 |  0.448275862069 |
|  76  |  NON-REL   | 0.171052631579 |  0.448275862069 |
|  77  |  NON-REL   | 0.168831168831 |  0.448275862069 |
|  78  |  NON-REL   | 0.166666666667 |  0.448275862069 |
|  79  |  NON-REL   | 0.164556962025 |  0.448275862069 |
|  80  |  NON-REL   |     0.1625     |  0.448275862069 |
|  81  |  NON-REL   | 0.16049382716  |  0.448275862069 |
|  82  |  NON-REL   | 0.158536585366 |  0.448275862069 |
|  83  |  NON-REL   | 0.156626506024 |  0.448275862069 |
|  84  |  NON-REL   | 0.154761904762 |  0.448275862069 |
|  85  |  NON-REL   | 0.152941176471 |  0.448275862069 |
|  86  |  NON-REL   | 0.151162790698 |  0.448275862069 |
|  87  |  NON-REL   | 0.149425287356 |  0.448275862069 |
|  88  |  NON-REL   | 0.147727272727 |  0.448275862069 |
|  89  |  NON-REL   | 0.14606741573  |  0.448275862069 |
|  90  |  NON-REL   | 0.144444444444 |  0.448275862069 |
|  91  |  NON-REL   | 0.142857142857 |  0.448275862069 |
|  92  |  NON-REL   | 0.141304347826 |  0.448275862069 |
|  93  |  NON-REL   | 0.139784946237 |  0.448275862069 |
|  94  |  NON-REL   | 0.13829787234  |  0.448275862069 |
|  95  |  NON-REL   | 0.136842105263 |  0.448275862069 |
|  96  |  NON-REL   | 0.135416666667 |  0.448275862069 |
|  97  |  NON-REL   | 0.134020618557 |  0.448275862069 |
|  98  |  NON-REL   | 0.132653061224 |  0.448275862069 |
|  99  |  NON-REL   | 0.131313131313 |  0.448275862069 |
| 100  |  NON-REL   |      0.13      |  0.448275862069 |
+------+------------+----------------+-----------------+