query_36: st algorithm context-free language recognition parsing
+------+------------+-----------------+--------+
| RANK | REL/NONREL |    PRECISION    | RECALL |
+------+------------+-----------------+--------+
|  1   |    REL     |       1.0       |  0.05  |
|  2   |  NON-REL   |       0.5       |  0.05  |
|  3   |    REL     |  0.666666666667 |  0.1   |
|  4   |  NON-REL   |       0.5       |  0.1   |
|  5   |  NON-REL   |       0.4       |  0.1   |
|  6   |    REL     |       0.5       |  0.15  |
|  7   |  NON-REL   |  0.428571428571 |  0.15  |
|  8   |  NON-REL   |      0.375      |  0.15  |
|  9   |  NON-REL   |  0.333333333333 |  0.15  |
|  10  |  NON-REL   |       0.3       |  0.15  |
|  11  |  NON-REL   |  0.272727272727 |  0.15  |
|  12  |  NON-REL   |       0.25      |  0.15  |
|  13  |  NON-REL   |  0.230769230769 |  0.15  |
|  14  |  NON-REL   |  0.214285714286 |  0.15  |
|  15  |  NON-REL   |       0.2       |  0.15  |
|  16  |  NON-REL   |      0.1875     |  0.15  |
|  17  |  NON-REL   |  0.176470588235 |  0.15  |
|  18  |    REL     |  0.222222222222 |  0.2   |
|  19  |  NON-REL   |  0.210526315789 |  0.2   |
|  20  |  NON-REL   |       0.2       |  0.2   |
|  21  |  NON-REL   |  0.190476190476 |  0.2   |
|  22  |  NON-REL   |  0.181818181818 |  0.2   |
|  23  |  NON-REL   |  0.173913043478 |  0.2   |
|  24  |    REL     |  0.208333333333 |  0.25  |
|  25  |    REL     |       0.24      |  0.3   |
|  26  |  NON-REL   |  0.230769230769 |  0.3   |
|  27  |  NON-REL   |  0.222222222222 |  0.3   |
|  28  |  NON-REL   |  0.214285714286 |  0.3   |
|  29  |  NON-REL   |  0.206896551724 |  0.3   |
|  30  |  NON-REL   |       0.2       |  0.3   |
|  31  |  NON-REL   |  0.193548387097 |  0.3   |
|  32  |  NON-REL   |      0.1875     |  0.3   |
|  33  |  NON-REL   |  0.181818181818 |  0.3   |
|  34  |  NON-REL   |  0.176470588235 |  0.3   |
|  35  |  NON-REL   |  0.171428571429 |  0.3   |
|  36  |  NON-REL   |  0.166666666667 |  0.3   |
|  37  |  NON-REL   |  0.162162162162 |  0.3   |
|  38  |  NON-REL   |  0.157894736842 |  0.3   |
|  39  |  NON-REL   |  0.153846153846 |  0.3   |
|  40  |  NON-REL   |       0.15      |  0.3   |
|  41  |    REL     |  0.170731707317 |  0.35  |
|  42  |  NON-REL   |  0.166666666667 |  0.35  |
|  43  |  NON-REL   |  0.162790697674 |  0.35  |
|  44  |  NON-REL   |  0.159090909091 |  0.35  |
|  45  |  NON-REL   |  0.155555555556 |  0.35  |
|  46  |  NON-REL   |  0.152173913043 |  0.35  |
|  47  |  NON-REL   |  0.148936170213 |  0.35  |
|  48  |  NON-REL   |  0.145833333333 |  0.35  |
|  49  |  NON-REL   |  0.142857142857 |  0.35  |
|  50  |  NON-REL   |       0.14      |  0.35  |
|  51  |  NON-REL   |  0.137254901961 |  0.35  |
|  52  |  NON-REL   |  0.134615384615 |  0.35  |
|  53  |    REL     |  0.150943396226 |  0.4   |
|  54  |  NON-REL   |  0.148148148148 |  0.4   |
|  55  |  NON-REL   |  0.145454545455 |  0.4   |
|  56  |  NON-REL   |  0.142857142857 |  0.4   |
|  57  |  NON-REL   |  0.140350877193 |  0.4   |
|  58  |  NON-REL   |  0.137931034483 |  0.4   |
|  59  |  NON-REL   |  0.135593220339 |  0.4   |
|  60  |  NON-REL   |  0.133333333333 |  0.4   |
|  61  |    REL     |  0.147540983607 |  0.45  |
|  62  |  NON-REL   |  0.145161290323 |  0.45  |
|  63  |  NON-REL   |  0.142857142857 |  0.45  |
|  64  |  NON-REL   |     0.140625    |  0.45  |
|  65  |  NON-REL   |  0.138461538462 |  0.45  |
|  66  |  NON-REL   |  0.136363636364 |  0.45  |
|  67  |  NON-REL   |  0.134328358209 |  0.45  |
|  68  |  NON-REL   |  0.132352941176 |  0.45  |
|  69  |  NON-REL   |  0.130434782609 |  0.45  |
|  70  |  NON-REL   |  0.128571428571 |  0.45  |
|  71  |  NON-REL   |  0.12676056338  |  0.45  |
|  72  |  NON-REL   |      0.125      |  0.45  |
|  73  |  NON-REL   |  0.123287671233 |  0.45  |
|  74  |  NON-REL   |  0.121621621622 |  0.45  |
|  75  |  NON-REL   |       0.12      |  0.45  |
|  76  |  NON-REL   |  0.118421052632 |  0.45  |
|  77  |  NON-REL   |  0.116883116883 |  0.45  |
|  78  |  NON-REL   |  0.115384615385 |  0.45  |
|  79  |  NON-REL   |  0.113924050633 |  0.45  |
|  80  |  NON-REL   |      0.1125     |  0.45  |
|  81  |  NON-REL   |  0.111111111111 |  0.45  |
|  82  |  NON-REL   |  0.109756097561 |  0.45  |
|  83  |  NON-REL   |  0.10843373494  |  0.45  |
|  84  |  NON-REL   |  0.107142857143 |  0.45  |
|  85  |  NON-REL   |  0.105882352941 |  0.45  |
|  86  |  NON-REL   |  0.104651162791 |  0.45  |
|  87  |  NON-REL   |  0.103448275862 |  0.45  |
|  88  |  NON-REL   |  0.102272727273 |  0.45  |
|  89  |  NON-REL   |  0.101123595506 |  0.45  |
|  90  |  NON-REL   |       0.1       |  0.45  |
|  91  |  NON-REL   | 0.0989010989011 |  0.45  |
|  92  |  NON-REL   | 0.0978260869565 |  0.45  |
|  93  |  NON-REL   | 0.0967741935484 |  0.45  |
|  94  |  NON-REL   | 0.0957446808511 |  0.45  |
|  95  |  NON-REL   | 0.0947368421053 |  0.45  |
|  96  |  NON-REL   |     0.09375     |  0.45  |
|  97  |  NON-REL   | 0.0927835051546 |  0.45  |
|  98  |    REL     |  0.102040816327 |  0.5   |
|  99  |  NON-REL   |  0.10101010101  |  0.5   |
| 100  |  NON-REL   |       0.1       |  0.5   |
+------+------------+-----------------+--------+