query_28: formation packet radio networks interest algorithms packet routing dealing network topography interested hardware network
+------+------------+-----------------+--------+
| RANK | REL/NONREL |    PRECISION    | RECALL |
+------+------------+-----------------+--------+
|  1   |    REL     |       1.0       |  0.2   |
|  2   |  NON-REL   |       0.5       |  0.2   |
|  3   |    REL     |  0.666666666667 |  0.4   |
|  4   |  NON-REL   |       0.5       |  0.4   |
|  5   |  NON-REL   |       0.4       |  0.4   |
|  6   |  NON-REL   |  0.333333333333 |  0.4   |
|  7   |  NON-REL   |  0.285714285714 |  0.4   |
|  8   |    REL     |      0.375      |  0.6   |
|  9   |  NON-REL   |  0.333333333333 |  0.6   |
|  10  |  NON-REL   |       0.3       |  0.6   |
|  11  |  NON-REL   |  0.272727272727 |  0.6   |
|  12  |    REL     |  0.333333333333 |  0.8   |
|  13  |  NON-REL   |  0.307692307692 |  0.8   |
|  14  |  NON-REL   |  0.285714285714 |  0.8   |
|  15  |  NON-REL   |  0.266666666667 |  0.8   |
|  16  |  NON-REL   |       0.25      |  0.8   |
|  17  |  NON-REL   |  0.235294117647 |  0.8   |
|  18  |  NON-REL   |  0.222222222222 |  0.8   |
|  19  |  NON-REL   |  0.210526315789 |  0.8   |
|  20  |  NON-REL   |       0.2       |  0.8   |
|  21  |  NON-REL   |  0.190476190476 |  0.8   |
|  22  |  NON-REL   |  0.181818181818 |  0.8   |
|  23  |  NON-REL   |  0.173913043478 |  0.8   |
|  24  |  NON-REL   |  0.166666666667 |  0.8   |
|  25  |  NON-REL   |       0.16      |  0.8   |
|  26  |  NON-REL   |  0.153846153846 |  0.8   |
|  27  |  NON-REL   |  0.148148148148 |  0.8   |
|  28  |  NON-REL   |  0.142857142857 |  0.8   |
|  29  |  NON-REL   |  0.137931034483 |  0.8   |
|  30  |  NON-REL   |  0.133333333333 |  0.8   |
|  31  |  NON-REL   |  0.129032258065 |  0.8   |
|  32  |  NON-REL   |      0.125      |  0.8   |
|  33  |  NON-REL   |  0.121212121212 |  0.8   |
|  34  |  NON-REL   |  0.117647058824 |  0.8   |
|  35  |  NON-REL   |  0.114285714286 |  0.8   |
|  36  |  NON-REL   |  0.111111111111 |  0.8   |
|  37  |  NON-REL   |  0.108108108108 |  0.8   |
|  38  |  NON-REL   |  0.105263157895 |  0.8   |
|  39  |  NON-REL   |  0.102564102564 |  0.8   |
|  40  |  NON-REL   |       0.1       |  0.8   |
|  41  |  NON-REL   | 0.0975609756098 |  0.8   |
|  42  |  NON-REL   | 0.0952380952381 |  0.8   |
|  43  |  NON-REL   |  0.093023255814 |  0.8   |
|  44  |  NON-REL   | 0.0909090909091 |  0.8   |
|  45  |  NON-REL   | 0.0888888888889 |  0.8   |
|  46  |  NON-REL   | 0.0869565217391 |  0.8   |
|  47  |  NON-REL   | 0.0851063829787 |  0.8   |
|  48  |  NON-REL   | 0.0833333333333 |  0.8   |
|  49  |  NON-REL   | 0.0816326530612 |  0.8   |
|  50  |  NON-REL   |       0.08      |  0.8   |
|  51  |  NON-REL   |  0.078431372549 |  0.8   |
|  52  |  NON-REL   | 0.0769230769231 |  0.8   |
|  53  |  NON-REL   | 0.0754716981132 |  0.8   |
|  54  |  NON-REL   | 0.0740740740741 |  0.8   |
|  55  |  NON-REL   | 0.0727272727273 |  0.8   |
|  56  |  NON-REL   | 0.0714285714286 |  0.8   |
|  57  |  NON-REL   | 0.0701754385965 |  0.8   |
|  58  |  NON-REL   | 0.0689655172414 |  0.8   |
|  59  |  NON-REL   | 0.0677966101695 |  0.8   |
|  60  |  NON-REL   | 0.0666666666667 |  0.8   |
|  61  |  NON-REL   | 0.0655737704918 |  0.8   |
|  62  |  NON-REL   | 0.0645161290323 |  0.8   |
|  63  |  NON-REL   | 0.0634920634921 |  0.8   |
|  64  |  NON-REL   |      0.0625     |  0.8   |
|  65  |  NON-REL   | 0.0615384615385 |  0.8   |
|  66  |  NON-REL   | 0.0606060606061 |  0.8   |
|  67  |  NON-REL   | 0.0597014925373 |  0.8   |
|  68  |  NON-REL   | 0.0588235294118 |  0.8   |
|  69  |  NON-REL   | 0.0579710144928 |  0.8   |
|  70  |  NON-REL   | 0.0571428571429 |  0.8   |
|  71  |    REL     | 0.0704225352113 |  1.0   |
|  72  |  NON-REL   | 0.0694444444444 |  1.0   |
|  73  |  NON-REL   | 0.0684931506849 |  1.0   |
|  74  |  NON-REL   | 0.0675675675676 |  1.0   |
|  75  |  NON-REL   | 0.0666666666667 |  1.0   |
|  76  |  NON-REL   | 0.0657894736842 |  1.0   |
|  77  |  NON-REL   | 0.0649350649351 |  1.0   |
|  78  |  NON-REL   | 0.0641025641026 |  1.0   |
|  79  |  NON-REL   | 0.0632911392405 |  1.0   |
|  80  |  NON-REL   |      0.0625     |  1.0   |
|  81  |  NON-REL   | 0.0617283950617 |  1.0   |
|  82  |  NON-REL   | 0.0609756097561 |  1.0   |
|  83  |  NON-REL   | 0.0602409638554 |  1.0   |
|  84  |  NON-REL   | 0.0595238095238 |  1.0   |
|  85  |  NON-REL   | 0.0588235294118 |  1.0   |
|  86  |  NON-REL   | 0.0581395348837 |  1.0   |
|  87  |  NON-REL   | 0.0574712643678 |  1.0   |
|  88  |  NON-REL   | 0.0568181818182 |  1.0   |
|  89  |  NON-REL   | 0.0561797752809 |  1.0   |
|  90  |  NON-REL   | 0.0555555555556 |  1.0   |
|  91  |  NON-REL   | 0.0549450549451 |  1.0   |
|  92  |  NON-REL   |  0.054347826087 |  1.0   |
|  93  |  NON-REL   | 0.0537634408602 |  1.0   |
|  94  |  NON-REL   | 0.0531914893617 |  1.0   |
|  95  |  NON-REL   | 0.0526315789474 |  1.0   |
|  96  |  NON-REL   | 0.0520833333333 |  1.0   |
|  97  |  NON-REL   | 0.0515463917526 |  1.0   |
|  98  |  NON-REL   | 0.0510204081633 |  1.0   |
|  99  |  NON-REL   | 0.0505050505051 |  1.0   |
| 100  |  NON-REL   |       0.05      |  1.0   |
+------+------------+-----------------+--------+