query_7: terested distributed algorithms  concurrent programs processes communicate synchronize message passing areas interest include fault-tolerance techniques understanding correctness algorithms
+------+------------+----------------+-----------------+
| RANK | REL/NONREL |   PRECISION    |      RECALL     |
+------+------------+----------------+-----------------+
|  1   |    REL     |      1.0       | 0.0357142857143 |
|  2   |    REL     |      1.0       | 0.0714285714286 |
|  3   |    REL     |      1.0       |  0.107142857143 |
|  4   |  NON-REL   |      0.75      |  0.107142857143 |
|  5   |    REL     |      0.8       |  0.142857142857 |
|  6   |  NON-REL   | 0.666666666667 |  0.142857142857 |
|  7   |    REL     | 0.714285714286 |  0.178571428571 |
|  8   |    REL     |      0.75      |  0.214285714286 |
|  9   |  NON-REL   | 0.666666666667 |  0.214285714286 |
|  10  |  NON-REL   |      0.6       |  0.214285714286 |
|  11  |  NON-REL   | 0.545454545455 |  0.214285714286 |
|  12  |    REL     | 0.583333333333 |       0.25      |
|  13  |  NON-REL   | 0.538461538462 |       0.25      |
|  14  |  NON-REL   |      0.5       |       0.25      |
|  15  |  NON-REL   | 0.466666666667 |       0.25      |
|  16  |  NON-REL   |     0.4375     |       0.25      |
|  17  |  NON-REL   | 0.411764705882 |       0.25      |
|  18  |    REL     | 0.444444444444 |  0.285714285714 |
|  19  |  NON-REL   | 0.421052631579 |  0.285714285714 |
|  20  |  NON-REL   |      0.4       |  0.285714285714 |
|  21  |  NON-REL   | 0.380952380952 |  0.285714285714 |
|  22  |  NON-REL   | 0.363636363636 |  0.285714285714 |
|  23  |  NON-REL   | 0.347826086957 |  0.285714285714 |
|  24  |  NON-REL   | 0.333333333333 |  0.285714285714 |
|  25  |  NON-REL   |      0.32      |  0.285714285714 |
|  26  |  NON-REL   | 0.307692307692 |  0.285714285714 |
|  27  |  NON-REL   | 0.296296296296 |  0.285714285714 |
|  28  |    REL     | 0.321428571429 |  0.321428571429 |
|  29  |  NON-REL   | 0.310344827586 |  0.321428571429 |
|  30  |  NON-REL   |      0.3       |  0.321428571429 |
|  31  |  NON-REL   | 0.290322580645 |  0.321428571429 |
|  32  |  NON-REL   |    0.28125     |  0.321428571429 |
|  33  |  NON-REL   | 0.272727272727 |  0.321428571429 |
|  34  |  NON-REL   | 0.264705882353 |  0.321428571429 |
|  35  |  NON-REL   | 0.257142857143 |  0.321428571429 |
|  36  |  NON-REL   |      0.25      |  0.321428571429 |
|  37  |  NON-REL   | 0.243243243243 |  0.321428571429 |
|  38  |  NON-REL   | 0.236842105263 |  0.321428571429 |
|  39  |  NON-REL   | 0.230769230769 |  0.321428571429 |
|  40  |  NON-REL   |     0.225      |  0.321428571429 |
|  41  |  NON-REL   | 0.219512195122 |  0.321428571429 |
|  42  |  NON-REL   | 0.214285714286 |  0.321428571429 |
|  43  |  NON-REL   | 0.209302325581 |  0.321428571429 |
|  44  |  NON-REL   | 0.204545454545 |  0.321428571429 |
|  45  |  NON-REL   |      0.2       |  0.321428571429 |
|  46  |  NON-REL   | 0.195652173913 |  0.321428571429 |
|  47  |  NON-REL   | 0.191489361702 |  0.321428571429 |
|  48  |  NON-REL   |     0.1875     |  0.321428571429 |
|  49  |  NON-REL   | 0.183673469388 |  0.321428571429 |
|  50  |  NON-REL   |      0.18      |  0.321428571429 |
|  51  |    REL     | 0.196078431373 |  0.357142857143 |
|  52  |  NON-REL   | 0.192307692308 |  0.357142857143 |
|  53  |  NON-REL   | 0.188679245283 |  0.357142857143 |
|  54  |  NON-REL   | 0.185185185185 |  0.357142857143 |
|  55  |  NON-REL   | 0.181818181818 |  0.357142857143 |
|  56  |  NON-REL   | 0.178571428571 |  0.357142857143 |
|  57  |  NON-REL   | 0.175438596491 |  0.357142857143 |
|  58  |  NON-REL   | 0.172413793103 |  0.357142857143 |
|  59  |  NON-REL   | 0.169491525424 |  0.357142857143 |
|  60  |  NON-REL   | 0.166666666667 |  0.357142857143 |
|  61  |  NON-REL   | 0.16393442623  |  0.357142857143 |
|  62  |  NON-REL   | 0.161290322581 |  0.357142857143 |
|  63  |  NON-REL   | 0.15873015873  |  0.357142857143 |
|  64  |  NON-REL   |    0.15625     |  0.357142857143 |
|  65  |  NON-REL   | 0.153846153846 |  0.357142857143 |
|  66  |  NON-REL   | 0.151515151515 |  0.357142857143 |
|  67  |  NON-REL   | 0.149253731343 |  0.357142857143 |
|  68  |  NON-REL   | 0.147058823529 |  0.357142857143 |
|  69  |  NON-REL   | 0.144927536232 |  0.357142857143 |
|  70  |  NON-REL   | 0.142857142857 |  0.357142857143 |
|  71  |  NON-REL   | 0.140845070423 |  0.357142857143 |
|  72  |  NON-REL   | 0.138888888889 |  0.357142857143 |
|  73  |  NON-REL   | 0.13698630137  |  0.357142857143 |
|  74  |  NON-REL   | 0.135135135135 |  0.357142857143 |
|  75  |  NON-REL   | 0.133333333333 |  0.357142857143 |
|  76  |  NON-REL   | 0.131578947368 |  0.357142857143 |
|  77  |  NON-REL   | 0.12987012987  |  0.357142857143 |
|  78  |  NON-REL   | 0.128205128205 |  0.357142857143 |
|  79  |  NON-REL   | 0.126582278481 |  0.357142857143 |
|  80  |  NON-REL   |     0.125      |  0.357142857143 |
|  81  |  NON-REL   | 0.123456790123 |  0.357142857143 |
|  82  |  NON-REL   | 0.121951219512 |  0.357142857143 |
|  83  |  NON-REL   | 0.120481927711 |  0.357142857143 |
|  84  |  NON-REL   | 0.119047619048 |  0.357142857143 |
|  85  |  NON-REL   | 0.117647058824 |  0.357142857143 |
|  86  |  NON-REL   | 0.116279069767 |  0.357142857143 |
|  87  |  NON-REL   | 0.114942528736 |  0.357142857143 |
|  88  |  NON-REL   | 0.113636363636 |  0.357142857143 |
|  89  |  NON-REL   | 0.112359550562 |  0.357142857143 |
|  90  |  NON-REL   | 0.111111111111 |  0.357142857143 |
|  91  |  NON-REL   | 0.10989010989  |  0.357142857143 |
|  92  |  NON-REL   | 0.108695652174 |  0.357142857143 |
|  93  |  NON-REL   | 0.10752688172  |  0.357142857143 |
|  94  |  NON-REL   | 0.106382978723 |  0.357142857143 |
|  95  |  NON-REL   | 0.105263157895 |  0.357142857143 |
|  96  |  NON-REL   | 0.104166666667 |  0.357142857143 |
|  97  |  NON-REL   | 0.103092783505 |  0.357142857143 |
|  98  |  NON-REL   | 0.102040816327 |  0.357142857143 |
|  99  |  NON-REL   | 0.10101010101  |  0.357142857143 |
| 100  |  NON-REL   |      0.1       |  0.357142857143 |
+------+------------+----------------+-----------------+