query_27: mory management aspects operating systems
+------+------------+----------------+-----------------+
| RANK | REL/NONREL |   PRECISION    |      RECALL     |
+------+------------+----------------+-----------------+
|  1   |    REL     |      1.0       | 0.0344827586207 |
|  2   |  NON-REL   |      0.5       | 0.0344827586207 |
|  3   |  NON-REL   | 0.333333333333 | 0.0344827586207 |
|  4   |    REL     |      0.5       | 0.0689655172414 |
|  5   |    REL     |      0.6       |  0.103448275862 |
|  6   |  NON-REL   |      0.5       |  0.103448275862 |
|  7   |    REL     | 0.571428571429 |  0.137931034483 |
|  8   |  NON-REL   |      0.5       |  0.137931034483 |
|  9   |  NON-REL   | 0.444444444444 |  0.137931034483 |
|  10  |  NON-REL   |      0.4       |  0.137931034483 |
|  11  |  NON-REL   | 0.363636363636 |  0.137931034483 |
|  12  |  NON-REL   | 0.333333333333 |  0.137931034483 |
|  13  |  NON-REL   | 0.307692307692 |  0.137931034483 |
|  14  |    REL     | 0.357142857143 |  0.172413793103 |
|  15  |  NON-REL   | 0.333333333333 |  0.172413793103 |
|  16  |  NON-REL   |     0.3125     |  0.172413793103 |
|  17  |    REL     | 0.352941176471 |  0.206896551724 |
|  18  |    REL     | 0.388888888889 |  0.241379310345 |
|  19  |    REL     | 0.421052631579 |  0.275862068966 |
|  20  |  NON-REL   |      0.4       |  0.275862068966 |
|  21  |  NON-REL   | 0.380952380952 |  0.275862068966 |
|  22  |  NON-REL   | 0.363636363636 |  0.275862068966 |
|  23  |    REL     | 0.391304347826 |  0.310344827586 |
|  24  |  NON-REL   |     0.375      |  0.310344827586 |
|  25  |  NON-REL   |      0.36      |  0.310344827586 |
|  26  |  NON-REL   | 0.346153846154 |  0.310344827586 |
|  27  |  NON-REL   | 0.333333333333 |  0.310344827586 |
|  28  |  NON-REL   | 0.321428571429 |  0.310344827586 |
|  29  |  NON-REL   | 0.310344827586 |  0.310344827586 |
|  30  |  NON-REL   |      0.3       |  0.310344827586 |
|  31  |  NON-REL   | 0.290322580645 |  0.310344827586 |
|  32  |  NON-REL   |    0.28125     |  0.310344827586 |
|  33  |    REL     | 0.30303030303  |  0.344827586207 |
|  34  |  NON-REL   | 0.294117647059 |  0.344827586207 |
|  35  |  NON-REL   | 0.285714285714 |  0.344827586207 |
|  36  |  NON-REL   | 0.277777777778 |  0.344827586207 |
|  37  |  NON-REL   | 0.27027027027  |  0.344827586207 |
|  38  |  NON-REL   | 0.263157894737 |  0.344827586207 |
|  39  |  NON-REL   | 0.25641025641  |  0.344827586207 |
|  40  |  NON-REL   |      0.25      |  0.344827586207 |
|  41  |  NON-REL   | 0.243902439024 |  0.344827586207 |
|  42  |  NON-REL   | 0.238095238095 |  0.344827586207 |
|  43  |  NON-REL   | 0.232558139535 |  0.344827586207 |
|  44  |  NON-REL   | 0.227272727273 |  0.344827586207 |
|  45  |  NON-REL   | 0.222222222222 |  0.344827586207 |
|  46  |  NON-REL   | 0.217391304348 |  0.344827586207 |
|  47  |  NON-REL   | 0.212765957447 |  0.344827586207 |
|  48  |    REL     | 0.229166666667 |  0.379310344828 |
|  49  |  NON-REL   | 0.224489795918 |  0.379310344828 |
|  50  |    REL     |      0.24      |  0.413793103448 |
|  51  |  NON-REL   | 0.235294117647 |  0.413793103448 |
|  52  |  NON-REL   | 0.230769230769 |  0.413793103448 |
|  53  |  NON-REL   | 0.22641509434  |  0.413793103448 |
|  54  |  NON-REL   | 0.222222222222 |  0.413793103448 |
|  55  |  NON-REL   | 0.218181818182 |  0.413793103448 |
|  56  |  NON-REL   | 0.214285714286 |  0.413793103448 |
|  57  |  NON-REL   | 0.210526315789 |  0.413793103448 |
|  58  |  NON-REL   | 0.206896551724 |  0.413793103448 |
|  59  |  NON-REL   | 0.203389830508 |  0.413793103448 |
|  60  |  NON-REL   |      0.2       |  0.413793103448 |
|  61  |  NON-REL   | 0.196721311475 |  0.413793103448 |
|  62  |  NON-REL   | 0.193548387097 |  0.413793103448 |
|  63  |  NON-REL   | 0.190476190476 |  0.413793103448 |
|  64  |  NON-REL   |     0.1875     |  0.413793103448 |
|  65  |  NON-REL   | 0.184615384615 |  0.413793103448 |
|  66  |  NON-REL   | 0.181818181818 |  0.413793103448 |
|  67  |  NON-REL   | 0.179104477612 |  0.413793103448 |
|  68  |  NON-REL   | 0.176470588235 |  0.413793103448 |
|  69  |  NON-REL   | 0.173913043478 |  0.413793103448 |
|  70  |  NON-REL   | 0.171428571429 |  0.413793103448 |
|  71  |    REL     | 0.183098591549 |  0.448275862069 |
|  72  |  NON-REL   | 0.180555555556 |  0.448275862069 |
|  73  |  NON-REL   | 0.178082191781 |  0.448275862069 |
|  74  |  NON-REL   | 0.175675675676 |  0.448275862069 |
|  75  |  NON-REL   | 0.173333333333 |  0.448275862069 |
|  76  |  NON-REL   | 0.171052631579 |  0.448275862069 |
|  77  |  NON-REL   | 0.168831168831 |  0.448275862069 |
|  78  |  NON-REL   | 0.166666666667 |  0.448275862069 |
|  79  |  NON-REL   | 0.164556962025 |  0.448275862069 |
|  80  |  NON-REL   |     0.1625     |  0.448275862069 |
|  81  |  NON-REL   | 0.16049382716  |  0.448275862069 |
|  82  |  NON-REL   | 0.158536585366 |  0.448275862069 |
|  83  |  NON-REL   | 0.156626506024 |  0.448275862069 |
|  84  |  NON-REL   | 0.154761904762 |  0.448275862069 |
|  85  |  NON-REL   | 0.152941176471 |  0.448275862069 |
|  86  |  NON-REL   | 0.151162790698 |  0.448275862069 |
|  87  |  NON-REL   | 0.149425287356 |  0.448275862069 |
|  88  |  NON-REL   | 0.147727272727 |  0.448275862069 |
|  89  |    REL     | 0.157303370787 |  0.48275862069  |
|  90  |  NON-REL   | 0.155555555556 |  0.48275862069  |
|  91  |  NON-REL   | 0.153846153846 |  0.48275862069  |
|  92  |  NON-REL   | 0.152173913043 |  0.48275862069  |
|  93  |  NON-REL   | 0.150537634409 |  0.48275862069  |
|  94  |  NON-REL   | 0.148936170213 |  0.48275862069  |
|  95  |  NON-REL   | 0.147368421053 |  0.48275862069  |
|  96  |  NON-REL   | 0.145833333333 |  0.48275862069  |
|  97  |  NON-REL   | 0.144329896907 |  0.48275862069  |
|  98  |  NON-REL   | 0.142857142857 |  0.48275862069  |
|  99  |  NON-REL   | 0.141414141414 |  0.48275862069  |
| 100  |  NON-REL   |      0.14      |  0.48275862069  |
+------+------------+----------------+-----------------+