query_25: rformance evaluation modelling computer systems
+------+------------+----------------+-----------------+
| RANK | REL/NONREL |   PRECISION    |      RECALL     |
+------+------------+----------------+-----------------+
|  1   |    REL     |      1.0       | 0.0196078431373 |
|  2   |  NON-REL   |      0.5       | 0.0196078431373 |
|  3   |  NON-REL   | 0.333333333333 | 0.0196078431373 |
|  4   |    REL     |      0.5       | 0.0392156862745 |
|  5   |  NON-REL   |      0.4       | 0.0392156862745 |
|  6   |    REL     |      0.5       | 0.0588235294118 |
|  7   |    REL     | 0.571428571429 |  0.078431372549 |
|  8   |  NON-REL   |      0.5       |  0.078431372549 |
|  9   |    REL     | 0.555555555556 | 0.0980392156863 |
|  10  |    REL     |      0.6       |  0.117647058824 |
|  11  |  NON-REL   | 0.545454545455 |  0.117647058824 |
|  12  |    REL     | 0.583333333333 |  0.137254901961 |
|  13  |  NON-REL   | 0.538461538462 |  0.137254901961 |
|  14  |  NON-REL   |      0.5       |  0.137254901961 |
|  15  |    REL     | 0.533333333333 |  0.156862745098 |
|  16  |  NON-REL   |      0.5       |  0.156862745098 |
|  17  |  NON-REL   | 0.470588235294 |  0.156862745098 |
|  18  |    REL     |      0.5       |  0.176470588235 |
|  19  |  NON-REL   | 0.473684210526 |  0.176470588235 |
|  20  |  NON-REL   |      0.45      |  0.176470588235 |
|  21  |  NON-REL   | 0.428571428571 |  0.176470588235 |
|  22  |  NON-REL   | 0.409090909091 |  0.176470588235 |
|  23  |  NON-REL   | 0.391304347826 |  0.176470588235 |
|  24  |  NON-REL   |     0.375      |  0.176470588235 |
|  25  |  NON-REL   |      0.36      |  0.176470588235 |
|  26  |    REL     | 0.384615384615 |  0.196078431373 |
|  27  |    REL     | 0.407407407407 |  0.21568627451  |
|  28  |  NON-REL   | 0.392857142857 |  0.21568627451  |
|  29  |  NON-REL   | 0.379310344828 |  0.21568627451  |
|  30  |    REL     |      0.4       |  0.235294117647 |
|  31  |  NON-REL   | 0.387096774194 |  0.235294117647 |
|  32  |  NON-REL   |     0.375      |  0.235294117647 |
|  33  |  NON-REL   | 0.363636363636 |  0.235294117647 |
|  34  |    REL     | 0.382352941176 |  0.254901960784 |
|  35  |  NON-REL   | 0.371428571429 |  0.254901960784 |
|  36  |    REL     | 0.388888888889 |  0.274509803922 |
|  37  |  NON-REL   | 0.378378378378 |  0.274509803922 |
|  38  |  NON-REL   | 0.368421052632 |  0.274509803922 |
|  39  |  NON-REL   | 0.358974358974 |  0.274509803922 |
|  40  |  NON-REL   |      0.35      |  0.274509803922 |
|  41  |  NON-REL   | 0.341463414634 |  0.274509803922 |
|  42  |  NON-REL   | 0.333333333333 |  0.274509803922 |
|  43  |  NON-REL   | 0.325581395349 |  0.274509803922 |
|  44  |  NON-REL   | 0.318181818182 |  0.274509803922 |
|  45  |    REL     | 0.333333333333 |  0.294117647059 |
|  46  |  NON-REL   | 0.326086956522 |  0.294117647059 |
|  47  |  NON-REL   | 0.31914893617  |  0.294117647059 |
|  48  |  NON-REL   |     0.3125     |  0.294117647059 |
|  49  |  NON-REL   | 0.30612244898  |  0.294117647059 |
|  50  |  NON-REL   |      0.3       |  0.294117647059 |
|  51  |  NON-REL   | 0.294117647059 |  0.294117647059 |
|  52  |    REL     | 0.307692307692 |  0.313725490196 |
|  53  |  NON-REL   | 0.301886792453 |  0.313725490196 |
|  54  |  NON-REL   | 0.296296296296 |  0.313725490196 |
|  55  |    REL     | 0.309090909091 |  0.333333333333 |
|  56  |  NON-REL   | 0.303571428571 |  0.333333333333 |
|  57  |  NON-REL   | 0.298245614035 |  0.333333333333 |
|  58  |    REL     | 0.310344827586 |  0.352941176471 |
|  59  |  NON-REL   | 0.305084745763 |  0.352941176471 |
|  60  |    REL     | 0.316666666667 |  0.372549019608 |
|  61  |  NON-REL   | 0.311475409836 |  0.372549019608 |
|  62  |  NON-REL   | 0.306451612903 |  0.372549019608 |
|  63  |  NON-REL   | 0.301587301587 |  0.372549019608 |
|  64  |  NON-REL   |    0.296875    |  0.372549019608 |
|  65  |  NON-REL   | 0.292307692308 |  0.372549019608 |
|  66  |  NON-REL   | 0.287878787879 |  0.372549019608 |
|  67  |  NON-REL   | 0.283582089552 |  0.372549019608 |
|  68  |  NON-REL   | 0.279411764706 |  0.372549019608 |
|  69  |  NON-REL   | 0.275362318841 |  0.372549019608 |
|  70  |    REL     | 0.285714285714 |  0.392156862745 |
|  71  |  NON-REL   | 0.281690140845 |  0.392156862745 |
|  72  |  NON-REL   | 0.277777777778 |  0.392156862745 |
|  73  |  NON-REL   | 0.27397260274  |  0.392156862745 |
|  74  |  NON-REL   | 0.27027027027  |  0.392156862745 |
|  75  |  NON-REL   | 0.266666666667 |  0.392156862745 |
|  76  |  NON-REL   | 0.263157894737 |  0.392156862745 |
|  77  |  NON-REL   | 0.25974025974  |  0.392156862745 |
|  78  |  NON-REL   | 0.25641025641  |  0.392156862745 |
|  79  |  NON-REL   | 0.253164556962 |  0.392156862745 |
|  80  |  NON-REL   |      0.25      |  0.392156862745 |
|  81  |  NON-REL   | 0.246913580247 |  0.392156862745 |
|  82  |  NON-REL   | 0.243902439024 |  0.392156862745 |
|  83  |  NON-REL   | 0.240963855422 |  0.392156862745 |
|  84  |  NON-REL   | 0.238095238095 |  0.392156862745 |
|  85  |  NON-REL   | 0.235294117647 |  0.392156862745 |
|  86  |  NON-REL   | 0.232558139535 |  0.392156862745 |
|  87  |  NON-REL   | 0.229885057471 |  0.392156862745 |
|  88  |  NON-REL   | 0.227272727273 |  0.392156862745 |
|  89  |  NON-REL   | 0.224719101124 |  0.392156862745 |
|  90  |  NON-REL   | 0.222222222222 |  0.392156862745 |
|  91  |    REL     | 0.230769230769 |  0.411764705882 |
|  92  |  NON-REL   | 0.228260869565 |  0.411764705882 |
|  93  |  NON-REL   | 0.225806451613 |  0.411764705882 |
|  94  |  NON-REL   | 0.223404255319 |  0.411764705882 |
|  95  |  NON-REL   | 0.221052631579 |  0.411764705882 |
|  96  |  NON-REL   |    0.21875     |  0.411764705882 |
|  97  |  NON-REL   | 0.216494845361 |  0.411764705882 |
|  98  |  NON-REL   | 0.214285714286 |  0.411764705882 |
|  99  |  NON-REL   | 0.212121212121 |  0.411764705882 |
| 100  |  NON-REL   |      0.21      |  0.411764705882 |
+------+------------+----------------+-----------------+