query_22: terested hidden-line hidden-surface algorithms cylinders toroids spheres cones specialized topic computer graphics
+------+------------+----------------+-----------------+
| RANK | REL/NONREL |   PRECISION    |      RECALL     |
+------+------------+----------------+-----------------+
|  1   |    REL     |      1.0       | 0.0588235294118 |
|  2   |    REL     |      1.0       |  0.117647058824 |
|  3   |    REL     |      1.0       |  0.176470588235 |
|  4   |  NON-REL   |      0.75      |  0.176470588235 |
|  5   |    REL     |      0.8       |  0.235294117647 |
|  6   |    REL     | 0.833333333333 |  0.294117647059 |
|  7   |  NON-REL   | 0.714285714286 |  0.294117647059 |
|  8   |    REL     |      0.75      |  0.352941176471 |
|  9   |  NON-REL   | 0.666666666667 |  0.352941176471 |
|  10  |  NON-REL   |      0.6       |  0.352941176471 |
|  11  |  NON-REL   | 0.545454545455 |  0.352941176471 |
|  12  |  NON-REL   |      0.5       |  0.352941176471 |
|  13  |  NON-REL   | 0.461538461538 |  0.352941176471 |
|  14  |  NON-REL   | 0.428571428571 |  0.352941176471 |
|  15  |    REL     | 0.466666666667 |  0.411764705882 |
|  16  |  NON-REL   |     0.4375     |  0.411764705882 |
|  17  |  NON-REL   | 0.411764705882 |  0.411764705882 |
|  18  |  NON-REL   | 0.388888888889 |  0.411764705882 |
|  19  |  NON-REL   | 0.368421052632 |  0.411764705882 |
|  20  |  NON-REL   |      0.35      |  0.411764705882 |
|  21  |  NON-REL   | 0.333333333333 |  0.411764705882 |
|  22  |  NON-REL   | 0.318181818182 |  0.411764705882 |
|  23  |    REL     | 0.347826086957 |  0.470588235294 |
|  24  |  NON-REL   | 0.333333333333 |  0.470588235294 |
|  25  |  NON-REL   |      0.32      |  0.470588235294 |
|  26  |  NON-REL   | 0.307692307692 |  0.470588235294 |
|  27  |  NON-REL   | 0.296296296296 |  0.470588235294 |
|  28  |  NON-REL   | 0.285714285714 |  0.470588235294 |
|  29  |  NON-REL   | 0.275862068966 |  0.470588235294 |
|  30  |    REL     |      0.3       |  0.529411764706 |
|  31  |  NON-REL   | 0.290322580645 |  0.529411764706 |
|  32  |    REL     |     0.3125     |  0.588235294118 |
|  33  |  NON-REL   | 0.30303030303  |  0.588235294118 |
|  34  |  NON-REL   | 0.294117647059 |  0.588235294118 |
|  35  |  NON-REL   | 0.285714285714 |  0.588235294118 |
|  36  |  NON-REL   | 0.277777777778 |  0.588235294118 |
|  37  |  NON-REL   | 0.27027027027  |  0.588235294118 |
|  38  |  NON-REL   | 0.263157894737 |  0.588235294118 |
|  39  |  NON-REL   | 0.25641025641  |  0.588235294118 |
|  40  |  NON-REL   |      0.25      |  0.588235294118 |
|  41  |  NON-REL   | 0.243902439024 |  0.588235294118 |
|  42  |  NON-REL   | 0.238095238095 |  0.588235294118 |
|  43  |  NON-REL   | 0.232558139535 |  0.588235294118 |
|  44  |  NON-REL   | 0.227272727273 |  0.588235294118 |
|  45  |  NON-REL   | 0.222222222222 |  0.588235294118 |
|  46  |  NON-REL   | 0.217391304348 |  0.588235294118 |
|  47  |  NON-REL   | 0.212765957447 |  0.588235294118 |
|  48  |  NON-REL   | 0.208333333333 |  0.588235294118 |
|  49  |  NON-REL   | 0.204081632653 |  0.588235294118 |
|  50  |  NON-REL   |      0.2       |  0.588235294118 |
|  51  |  NON-REL   | 0.196078431373 |  0.588235294118 |
|  52  |  NON-REL   | 0.192307692308 |  0.588235294118 |
|  53  |  NON-REL   | 0.188679245283 |  0.588235294118 |
|  54  |  NON-REL   | 0.185185185185 |  0.588235294118 |
|  55  |  NON-REL   | 0.181818181818 |  0.588235294118 |
|  56  |  NON-REL   | 0.178571428571 |  0.588235294118 |
|  57  |  NON-REL   | 0.175438596491 |  0.588235294118 |
|  58  |  NON-REL   | 0.172413793103 |  0.588235294118 |
|  59  |  NON-REL   | 0.169491525424 |  0.588235294118 |
|  60  |  NON-REL   | 0.166666666667 |  0.588235294118 |
|  61  |  NON-REL   | 0.16393442623  |  0.588235294118 |
|  62  |  NON-REL   | 0.161290322581 |  0.588235294118 |
|  63  |  NON-REL   | 0.15873015873  |  0.588235294118 |
|  64  |  NON-REL   |    0.15625     |  0.588235294118 |
|  65  |  NON-REL   | 0.153846153846 |  0.588235294118 |
|  66  |  NON-REL   | 0.151515151515 |  0.588235294118 |
|  67  |  NON-REL   | 0.149253731343 |  0.588235294118 |
|  68  |  NON-REL   | 0.147058823529 |  0.588235294118 |
|  69  |  NON-REL   | 0.144927536232 |  0.588235294118 |
|  70  |  NON-REL   | 0.142857142857 |  0.588235294118 |
|  71  |  NON-REL   | 0.140845070423 |  0.588235294118 |
|  72  |  NON-REL   | 0.138888888889 |  0.588235294118 |
|  73  |  NON-REL   | 0.13698630137  |  0.588235294118 |
|  74  |  NON-REL   | 0.135135135135 |  0.588235294118 |
|  75  |  NON-REL   | 0.133333333333 |  0.588235294118 |
|  76  |  NON-REL   | 0.131578947368 |  0.588235294118 |
|  77  |  NON-REL   | 0.12987012987  |  0.588235294118 |
|  78  |  NON-REL   | 0.128205128205 |  0.588235294118 |
|  79  |  NON-REL   | 0.126582278481 |  0.588235294118 |
|  80  |  NON-REL   |     0.125      |  0.588235294118 |
|  81  |  NON-REL   | 0.123456790123 |  0.588235294118 |
|  82  |  NON-REL   | 0.121951219512 |  0.588235294118 |
|  83  |  NON-REL   | 0.120481927711 |  0.588235294118 |
|  84  |  NON-REL   | 0.119047619048 |  0.588235294118 |
|  85  |  NON-REL   | 0.117647058824 |  0.588235294118 |
|  86  |  NON-REL   | 0.116279069767 |  0.588235294118 |
|  87  |  NON-REL   | 0.114942528736 |  0.588235294118 |
|  88  |  NON-REL   | 0.113636363636 |  0.588235294118 |
|  89  |  NON-REL   | 0.112359550562 |  0.588235294118 |
|  90  |  NON-REL   | 0.111111111111 |  0.588235294118 |
|  91  |  NON-REL   | 0.10989010989  |  0.588235294118 |
|  92  |  NON-REL   | 0.108695652174 |  0.588235294118 |
|  93  |  NON-REL   | 0.10752688172  |  0.588235294118 |
|  94  |  NON-REL   | 0.106382978723 |  0.588235294118 |
|  95  |  NON-REL   | 0.105263157895 |  0.588235294118 |
|  96  |  NON-REL   | 0.104166666667 |  0.588235294118 |
|  97  |  NON-REL   | 0.103092783505 |  0.588235294118 |
|  98  |    REL     | 0.112244897959 |  0.647058823529 |
|  99  |  NON-REL   | 0.111111111111 |  0.647058823529 |
| 100  |  NON-REL   |      0.11      |  0.647058823529 |
+------+------------+----------------+-----------------+