query_22: terested hidden-line hidden-surface algorithms cylinders toroids spheres cones specialized topic computer graphics
+------+------------+----------------+-----------------+
| RANK | REL/NONREL |   PRECISION    |      RECALL     |
+------+------------+----------------+-----------------+
|  1   |    REL     |      1.0       | 0.0588235294118 |
|  2   |    REL     |      1.0       |  0.117647058824 |
|  3   |    REL     |      1.0       |  0.176470588235 |
|  4   |    REL     |      1.0       |  0.235294117647 |
|  5   |  NON-REL   |      0.8       |  0.235294117647 |
|  6   |    REL     | 0.833333333333 |  0.294117647059 |
|  7   |  NON-REL   | 0.714285714286 |  0.294117647059 |
|  8   |  NON-REL   |     0.625      |  0.294117647059 |
|  9   |    REL     | 0.666666666667 |  0.352941176471 |
|  10  |    REL     |      0.7       |  0.411764705882 |
|  11  |    REL     | 0.727272727273 |  0.470588235294 |
|  12  |    REL     |      0.75      |  0.529411764706 |
|  13  |    REL     | 0.769230769231 |  0.588235294118 |
|  14  |    REL     | 0.785714285714 |  0.647058823529 |
|  15  |    REL     |      0.8       |  0.705882352941 |
|  16  |    REL     |     0.8125     |  0.764705882353 |
|  17  |  NON-REL   | 0.764705882353 |  0.764705882353 |
|  18  |  NON-REL   | 0.722222222222 |  0.764705882353 |
|  19  |  NON-REL   | 0.684210526316 |  0.764705882353 |
|  20  |  NON-REL   |      0.65      |  0.764705882353 |
|  21  |  NON-REL   | 0.619047619048 |  0.764705882353 |
|  22  |  NON-REL   | 0.590909090909 |  0.764705882353 |
|  23  |  NON-REL   | 0.565217391304 |  0.764705882353 |
|  24  |  NON-REL   | 0.541666666667 |  0.764705882353 |
|  25  |  NON-REL   |      0.52      |  0.764705882353 |
|  26  |  NON-REL   |      0.5       |  0.764705882353 |
|  27  |    REL     | 0.518518518519 |  0.823529411765 |
|  28  |  NON-REL   |      0.5       |  0.823529411765 |
|  29  |  NON-REL   | 0.48275862069  |  0.823529411765 |
|  30  |  NON-REL   | 0.466666666667 |  0.823529411765 |
|  31  |  NON-REL   | 0.451612903226 |  0.823529411765 |
|  32  |  NON-REL   |     0.4375     |  0.823529411765 |
|  33  |  NON-REL   | 0.424242424242 |  0.823529411765 |
|  34  |  NON-REL   | 0.411764705882 |  0.823529411765 |
|  35  |  NON-REL   |      0.4       |  0.823529411765 |
|  36  |  NON-REL   | 0.388888888889 |  0.823529411765 |
|  37  |  NON-REL   | 0.378378378378 |  0.823529411765 |
|  38  |  NON-REL   | 0.368421052632 |  0.823529411765 |
|  39  |  NON-REL   | 0.358974358974 |  0.823529411765 |
|  40  |  NON-REL   |      0.35      |  0.823529411765 |
|  41  |  NON-REL   | 0.341463414634 |  0.823529411765 |
|  42  |  NON-REL   | 0.333333333333 |  0.823529411765 |
|  43  |  NON-REL   | 0.325581395349 |  0.823529411765 |
|  44  |  NON-REL   | 0.318181818182 |  0.823529411765 |
|  45  |  NON-REL   | 0.311111111111 |  0.823529411765 |
|  46  |  NON-REL   | 0.304347826087 |  0.823529411765 |
|  47  |  NON-REL   | 0.297872340426 |  0.823529411765 |
|  48  |  NON-REL   | 0.291666666667 |  0.823529411765 |
|  49  |  NON-REL   | 0.285714285714 |  0.823529411765 |
|  50  |  NON-REL   |      0.28      |  0.823529411765 |
|  51  |  NON-REL   | 0.274509803922 |  0.823529411765 |
|  52  |  NON-REL   | 0.269230769231 |  0.823529411765 |
|  53  |  NON-REL   | 0.264150943396 |  0.823529411765 |
|  54  |  NON-REL   | 0.259259259259 |  0.823529411765 |
|  55  |  NON-REL   | 0.254545454545 |  0.823529411765 |
|  56  |  NON-REL   |      0.25      |  0.823529411765 |
|  57  |  NON-REL   | 0.245614035088 |  0.823529411765 |
|  58  |  NON-REL   | 0.241379310345 |  0.823529411765 |
|  59  |  NON-REL   | 0.237288135593 |  0.823529411765 |
|  60  |  NON-REL   | 0.233333333333 |  0.823529411765 |
|  61  |  NON-REL   | 0.229508196721 |  0.823529411765 |
|  62  |  NON-REL   | 0.225806451613 |  0.823529411765 |
|  63  |  NON-REL   | 0.222222222222 |  0.823529411765 |
|  64  |  NON-REL   |    0.21875     |  0.823529411765 |
|  65  |  NON-REL   | 0.215384615385 |  0.823529411765 |
|  66  |  NON-REL   | 0.212121212121 |  0.823529411765 |
|  67  |  NON-REL   | 0.208955223881 |  0.823529411765 |
|  68  |  NON-REL   | 0.205882352941 |  0.823529411765 |
|  69  |  NON-REL   | 0.202898550725 |  0.823529411765 |
|  70  |  NON-REL   |      0.2       |  0.823529411765 |
|  71  |  NON-REL   | 0.197183098592 |  0.823529411765 |
|  72  |  NON-REL   | 0.194444444444 |  0.823529411765 |
|  73  |  NON-REL   | 0.191780821918 |  0.823529411765 |
|  74  |  NON-REL   | 0.189189189189 |  0.823529411765 |
|  75  |    REL     |      0.2       |  0.882352941176 |
|  76  |  NON-REL   | 0.197368421053 |  0.882352941176 |
|  77  |  NON-REL   | 0.194805194805 |  0.882352941176 |
|  78  |  NON-REL   | 0.192307692308 |  0.882352941176 |
|  79  |  NON-REL   | 0.189873417722 |  0.882352941176 |
|  80  |  NON-REL   |     0.1875     |  0.882352941176 |
|  81  |  NON-REL   | 0.185185185185 |  0.882352941176 |
|  82  |  NON-REL   | 0.182926829268 |  0.882352941176 |
|  83  |  NON-REL   | 0.180722891566 |  0.882352941176 |
|  84  |  NON-REL   | 0.178571428571 |  0.882352941176 |
|  85  |  NON-REL   | 0.176470588235 |  0.882352941176 |
|  86  |  NON-REL   | 0.174418604651 |  0.882352941176 |
|  87  |  NON-REL   | 0.172413793103 |  0.882352941176 |
|  88  |  NON-REL   | 0.170454545455 |  0.882352941176 |
|  89  |  NON-REL   | 0.168539325843 |  0.882352941176 |
|  90  |  NON-REL   | 0.166666666667 |  0.882352941176 |
|  91  |  NON-REL   | 0.164835164835 |  0.882352941176 |
|  92  |  NON-REL   | 0.163043478261 |  0.882352941176 |
|  93  |  NON-REL   | 0.161290322581 |  0.882352941176 |
|  94  |  NON-REL   | 0.159574468085 |  0.882352941176 |
|  95  |  NON-REL   | 0.157894736842 |  0.882352941176 |
|  96  |  NON-REL   |    0.15625     |  0.882352941176 |
|  97  |  NON-REL   | 0.154639175258 |  0.882352941176 |
|  98  |  NON-REL   | 0.15306122449  |  0.882352941176 |
|  99  |  NON-REL   | 0.151515151515 |  0.882352941176 |
| 100  |  NON-REL   |      0.15      |  0.882352941176 |
+------+------------+----------------+-----------------+