query_36: st algorithm context-free language recognition parsing
+------+------------+----------------+--------+
| RANK | REL/NONREL |   PRECISION    | RECALL |
+------+------------+----------------+--------+
|  1   |    REL     |      1.0       |  0.05  |
|  2   |    REL     |      1.0       |  0.1   |
|  3   |  NON-REL   | 0.666666666667 |  0.1   |
|  4   |  NON-REL   |      0.5       |  0.1   |
|  5   |  NON-REL   |      0.4       |  0.1   |
|  6   |  NON-REL   | 0.333333333333 |  0.1   |
|  7   |    REL     | 0.428571428571 |  0.15  |
|  8   |  NON-REL   |     0.375      |  0.15  |
|  9   |    REL     | 0.444444444444 |  0.2   |
|  10  |  NON-REL   |      0.4       |  0.2   |
|  11  |    REL     | 0.454545454545 |  0.25  |
|  12  |  NON-REL   | 0.416666666667 |  0.25  |
|  13  |  NON-REL   | 0.384615384615 |  0.25  |
|  14  |    REL     | 0.428571428571 |  0.3   |
|  15  |  NON-REL   |      0.4       |  0.3   |
|  16  |  NON-REL   |     0.375      |  0.3   |
|  17  |    REL     | 0.411764705882 |  0.35  |
|  18  |  NON-REL   | 0.388888888889 |  0.35  |
|  19  |    REL     | 0.421052631579 |  0.4   |
|  20  |    REL     |      0.45      |  0.45  |
|  21  |    REL     | 0.47619047619  |  0.5   |
|  22  |    REL     |      0.5       |  0.55  |
|  23  |  NON-REL   | 0.478260869565 |  0.55  |
|  24  |  NON-REL   | 0.458333333333 |  0.55  |
|  25  |  NON-REL   |      0.44      |  0.55  |
|  26  |  NON-REL   | 0.423076923077 |  0.55  |
|  27  |    REL     | 0.444444444444 |  0.6   |
|  28  |    REL     | 0.464285714286 |  0.65  |
|  29  |    REL     | 0.48275862069  |  0.7   |
|  30  |  NON-REL   | 0.466666666667 |  0.7   |
|  31  |  NON-REL   | 0.451612903226 |  0.7   |
|  32  |  NON-REL   |     0.4375     |  0.7   |
|  33  |  NON-REL   | 0.424242424242 |  0.7   |
|  34  |  NON-REL   | 0.411764705882 |  0.7   |
|  35  |  NON-REL   |      0.4       |  0.7   |
|  36  |  NON-REL   | 0.388888888889 |  0.7   |
|  37  |  NON-REL   | 0.378378378378 |  0.7   |
|  38  |  NON-REL   | 0.368421052632 |  0.7   |
|  39  |  NON-REL   | 0.358974358974 |  0.7   |
|  40  |  NON-REL   |      0.35      |  0.7   |
|  41  |  NON-REL   | 0.341463414634 |  0.7   |
|  42  |  NON-REL   | 0.333333333333 |  0.7   |
|  43  |  NON-REL   | 0.325581395349 |  0.7   |
|  44  |  NON-REL   | 0.318181818182 |  0.7   |
|  45  |  NON-REL   | 0.311111111111 |  0.7   |
|  46  |  NON-REL   | 0.304347826087 |  0.7   |
|  47  |  NON-REL   | 0.297872340426 |  0.7   |
|  48  |  NON-REL   | 0.291666666667 |  0.7   |
|  49  |  NON-REL   | 0.285714285714 |  0.7   |
|  50  |  NON-REL   |      0.28      |  0.7   |
|  51  |  NON-REL   | 0.274509803922 |  0.7   |
|  52  |  NON-REL   | 0.269230769231 |  0.7   |
|  53  |  NON-REL   | 0.264150943396 |  0.7   |
|  54  |  NON-REL   | 0.259259259259 |  0.7   |
|  55  |  NON-REL   | 0.254545454545 |  0.7   |
|  56  |  NON-REL   |      0.25      |  0.7   |
|  57  |  NON-REL   | 0.245614035088 |  0.7   |
|  58  |  NON-REL   | 0.241379310345 |  0.7   |
|  59  |  NON-REL   | 0.237288135593 |  0.7   |
|  60  |  NON-REL   | 0.233333333333 |  0.7   |
|  61  |  NON-REL   | 0.229508196721 |  0.7   |
|  62  |  NON-REL   | 0.225806451613 |  0.7   |
|  63  |  NON-REL   | 0.222222222222 |  0.7   |
|  64  |  NON-REL   |    0.21875     |  0.7   |
|  65  |  NON-REL   | 0.215384615385 |  0.7   |
|  66  |  NON-REL   | 0.212121212121 |  0.7   |
|  67  |  NON-REL   | 0.208955223881 |  0.7   |
|  68  |  NON-REL   | 0.205882352941 |  0.7   |
|  69  |  NON-REL   | 0.202898550725 |  0.7   |
|  70  |  NON-REL   |      0.2       |  0.7   |
|  71  |  NON-REL   | 0.197183098592 |  0.7   |
|  72  |  NON-REL   | 0.194444444444 |  0.7   |
|  73  |  NON-REL   | 0.191780821918 |  0.7   |
|  74  |  NON-REL   | 0.189189189189 |  0.7   |
|  75  |  NON-REL   | 0.186666666667 |  0.7   |
|  76  |  NON-REL   | 0.184210526316 |  0.7   |
|  77  |  NON-REL   | 0.181818181818 |  0.7   |
|  78  |  NON-REL   | 0.179487179487 |  0.7   |
|  79  |  NON-REL   | 0.177215189873 |  0.7   |
|  80  |  NON-REL   |     0.175      |  0.7   |
|  81  |  NON-REL   | 0.172839506173 |  0.7   |
|  82  |    REL     | 0.182926829268 |  0.75  |
|  83  |  NON-REL   | 0.180722891566 |  0.75  |
|  84  |  NON-REL   | 0.178571428571 |  0.75  |
|  85  |  NON-REL   | 0.176470588235 |  0.75  |
|  86  |  NON-REL   | 0.174418604651 |  0.75  |
|  87  |  NON-REL   | 0.172413793103 |  0.75  |
|  88  |  NON-REL   | 0.170454545455 |  0.75  |
|  89  |  NON-REL   | 0.168539325843 |  0.75  |
|  90  |  NON-REL   | 0.166666666667 |  0.75  |
|  91  |  NON-REL   | 0.164835164835 |  0.75  |
|  92  |  NON-REL   | 0.163043478261 |  0.75  |
|  93  |  NON-REL   | 0.161290322581 |  0.75  |
|  94  |  NON-REL   | 0.159574468085 |  0.75  |
|  95  |  NON-REL   | 0.157894736842 |  0.75  |
|  96  |  NON-REL   |    0.15625     |  0.75  |
|  97  |  NON-REL   | 0.154639175258 |  0.75  |
|  98  |  NON-REL   | 0.15306122449  |  0.75  |
|  99  |  NON-REL   | 0.151515151515 |  0.75  |
| 100  |  NON-REL   |      0.15      |  0.75  |
+------+------------+----------------+--------+