query_25: rformance evaluation modelling computer systems
+------+------------+----------------+-----------------+
| RANK | REL/NONREL |   PRECISION    |      RECALL     |
+------+------------+----------------+-----------------+
|  1   |    REL     |      1.0       | 0.0196078431373 |
|  2   |  NON-REL   |      0.5       | 0.0196078431373 |
|  3   |    REL     | 0.666666666667 | 0.0392156862745 |
|  4   |    REL     |      0.75      | 0.0588235294118 |
|  5   |    REL     |      0.8       |  0.078431372549 |
|  6   |  NON-REL   | 0.666666666667 |  0.078431372549 |
|  7   |    REL     | 0.714285714286 | 0.0980392156863 |
|  8   |  NON-REL   |     0.625      | 0.0980392156863 |
|  9   |  NON-REL   | 0.555555555556 | 0.0980392156863 |
|  10  |  NON-REL   |      0.5       | 0.0980392156863 |
|  11  |    REL     | 0.545454545455 |  0.117647058824 |
|  12  |  NON-REL   |      0.5       |  0.117647058824 |
|  13  |  NON-REL   | 0.461538461538 |  0.117647058824 |
|  14  |    REL     |      0.5       |  0.137254901961 |
|  15  |  NON-REL   | 0.466666666667 |  0.137254901961 |
|  16  |    REL     |      0.5       |  0.156862745098 |
|  17  |  NON-REL   | 0.470588235294 |  0.156862745098 |
|  18  |    REL     |      0.5       |  0.176470588235 |
|  19  |  NON-REL   | 0.473684210526 |  0.176470588235 |
|  20  |  NON-REL   |      0.45      |  0.176470588235 |
|  21  |  NON-REL   | 0.428571428571 |  0.176470588235 |
|  22  |  NON-REL   | 0.409090909091 |  0.176470588235 |
|  23  |  NON-REL   | 0.391304347826 |  0.176470588235 |
|  24  |    REL     | 0.416666666667 |  0.196078431373 |
|  25  |  NON-REL   |      0.4       |  0.196078431373 |
|  26  |    REL     | 0.423076923077 |  0.21568627451  |
|  27  |  NON-REL   | 0.407407407407 |  0.21568627451  |
|  28  |    REL     | 0.428571428571 |  0.235294117647 |
|  29  |  NON-REL   | 0.413793103448 |  0.235294117647 |
|  30  |  NON-REL   |      0.4       |  0.235294117647 |
|  31  |  NON-REL   | 0.387096774194 |  0.235294117647 |
|  32  |  NON-REL   |     0.375      |  0.235294117647 |
|  33  |  NON-REL   | 0.363636363636 |  0.235294117647 |
|  34  |  NON-REL   | 0.352941176471 |  0.235294117647 |
|  35  |  NON-REL   | 0.342857142857 |  0.235294117647 |
|  36  |  NON-REL   | 0.333333333333 |  0.235294117647 |
|  37  |  NON-REL   | 0.324324324324 |  0.235294117647 |
|  38  |  NON-REL   | 0.315789473684 |  0.235294117647 |
|  39  |  NON-REL   | 0.307692307692 |  0.235294117647 |
|  40  |    REL     |     0.325      |  0.254901960784 |
|  41  |  NON-REL   | 0.317073170732 |  0.254901960784 |
|  42  |  NON-REL   | 0.309523809524 |  0.254901960784 |
|  43  |    REL     | 0.325581395349 |  0.274509803922 |
|  44  |  NON-REL   | 0.318181818182 |  0.274509803922 |
|  45  |  NON-REL   | 0.311111111111 |  0.274509803922 |
|  46  |  NON-REL   | 0.304347826087 |  0.274509803922 |
|  47  |  NON-REL   | 0.297872340426 |  0.274509803922 |
|  48  |  NON-REL   | 0.291666666667 |  0.274509803922 |
|  49  |    REL     | 0.30612244898  |  0.294117647059 |
|  50  |  NON-REL   |      0.3       |  0.294117647059 |
|  51  |  NON-REL   | 0.294117647059 |  0.294117647059 |
|  52  |  NON-REL   | 0.288461538462 |  0.294117647059 |
|  53  |  NON-REL   | 0.283018867925 |  0.294117647059 |
|  54  |  NON-REL   | 0.277777777778 |  0.294117647059 |
|  55  |  NON-REL   | 0.272727272727 |  0.294117647059 |
|  56  |  NON-REL   | 0.267857142857 |  0.294117647059 |
|  57  |  NON-REL   | 0.263157894737 |  0.294117647059 |
|  58  |  NON-REL   | 0.258620689655 |  0.294117647059 |
|  59  |  NON-REL   | 0.254237288136 |  0.294117647059 |
|  60  |  NON-REL   |      0.25      |  0.294117647059 |
|  61  |  NON-REL   | 0.245901639344 |  0.294117647059 |
|  62  |  NON-REL   | 0.241935483871 |  0.294117647059 |
|  63  |  NON-REL   | 0.238095238095 |  0.294117647059 |
|  64  |  NON-REL   |    0.234375    |  0.294117647059 |
|  65  |  NON-REL   | 0.230769230769 |  0.294117647059 |
|  66  |    REL     | 0.242424242424 |  0.313725490196 |
|  67  |  NON-REL   | 0.238805970149 |  0.313725490196 |
|  68  |  NON-REL   | 0.235294117647 |  0.313725490196 |
|  69  |  NON-REL   | 0.231884057971 |  0.313725490196 |
|  70  |  NON-REL   | 0.228571428571 |  0.313725490196 |
|  71  |  NON-REL   | 0.225352112676 |  0.313725490196 |
|  72  |  NON-REL   | 0.222222222222 |  0.313725490196 |
|  73  |  NON-REL   | 0.219178082192 |  0.313725490196 |
|  74  |  NON-REL   | 0.216216216216 |  0.313725490196 |
|  75  |    REL     | 0.226666666667 |  0.333333333333 |
|  76  |  NON-REL   | 0.223684210526 |  0.333333333333 |
|  77  |    REL     | 0.233766233766 |  0.352941176471 |
|  78  |    REL     | 0.24358974359  |  0.372549019608 |
|  79  |  NON-REL   | 0.240506329114 |  0.372549019608 |
|  80  |  NON-REL   |     0.2375     |  0.372549019608 |
|  81  |    REL     | 0.246913580247 |  0.392156862745 |
|  82  |  NON-REL   | 0.243902439024 |  0.392156862745 |
|  83  |  NON-REL   | 0.240963855422 |  0.392156862745 |
|  84  |  NON-REL   | 0.238095238095 |  0.392156862745 |
|  85  |  NON-REL   | 0.235294117647 |  0.392156862745 |
|  86  |  NON-REL   | 0.232558139535 |  0.392156862745 |
|  87  |  NON-REL   | 0.229885057471 |  0.392156862745 |
|  88  |  NON-REL   | 0.227272727273 |  0.392156862745 |
|  89  |  NON-REL   | 0.224719101124 |  0.392156862745 |
|  90  |  NON-REL   | 0.222222222222 |  0.392156862745 |
|  91  |  NON-REL   | 0.21978021978  |  0.392156862745 |
|  92  |    REL     | 0.228260869565 |  0.411764705882 |
|  93  |  NON-REL   | 0.225806451613 |  0.411764705882 |
|  94  |  NON-REL   | 0.223404255319 |  0.411764705882 |
|  95  |  NON-REL   | 0.221052631579 |  0.411764705882 |
|  96  |  NON-REL   |    0.21875     |  0.411764705882 |
|  97  |  NON-REL   | 0.216494845361 |  0.411764705882 |
|  98  |  NON-REL   | 0.214285714286 |  0.411764705882 |
|  99  |  NON-REL   | 0.212121212121 |  0.411764705882 |
| 100  |  NON-REL   |      0.21      |  0.411764705882 |
+------+------------+----------------+-----------------+